1 58 32 46 7 2 53 48 30 16 8 28 20 39 36 4 54 22 14 24 29 6 9 52 44 27 41 38 31 55 12 25 49 26 45 5 11 34 40 47 57 37 43 50 23 33 35 59 10 18 51 15 21 19 42 3 17 13 56 60 
LP_Opt:3
Rounding: 5
RLF Integral: 3

1 11 36 16 6 28 52 19 24 44 21 53 27 45 35 59 32 9 48 20 55 46 15 50 34 22 17 3 39 8 31 4 41 14 25 40 18 51 43 42 7 2 58 13 33 5 57 12 10 49 56 37 54 47 26 38 30 23 29 60 
LP_Opt:4
Rounding: 5
RLF Integral: 4

1 41 55 13 23 10 15 50 3 30 53 32 20 51 22 27 49 18 16 31 52 5 38 46 36 47 34 33 35 54 37 21 24 56 25 7 19 14 59 42 6 43 39 44 17 26 11 2 45 8 40 29 57 28 4 58 12 9 48 60 
LP_Opt:3
Rounding: 4
RLF Integral: 3

1 54 13 27 18 59 4 26 35 31 3 48 38 14 37 16 32 58 40 24 39 42 11 47 57 36 50 33 12 41 6 23 46 15 28 17 21 49 29 19 34 45 7 51 2 25 8 22 43 56 55 44 20 52 10 30 5 53 9 60 
LP_Opt:4
Rounding: 6
RLF Integral: 4

1 21 44 39 47 7 35 17 51 14 33 9 26 19 38 58 31 2 37 4 3 8 40 53 34 13 52 32 29 43 36 48 16 28 27 41 10 6 25 12 45 30 11 50 20 18 57 56 23 54 42 24 49 55 5 15 46 59 22 60 
LP_Opt:3
Rounding: 3
RLF Integral: 3

1 9 18 15 2 21 5 56 38 29 37 25 46 20 26 6 57 39 30 42 27 55 54 35 44 49 40 10 17 28 41 59 3 12 11 13 51 36 45 16 24 4 32 8 7 31 14 33 19 52 48 47 34 43 53 23 50 22 58 60 
LP_Opt:3
Rounding: 3
RLF Integral: 3

1 48 44 50 43 3 30 18 21 15 38 20 25 27 40 47 4 34 52 31 24 37 33 29 57 26 54 19 12 56 22 35 9 23 11 36 59 45 16 46 51 10 17 7 2 55 53 39 49 13 58 28 8 42 41 6 32 14 5 60 
LP_Opt:4
Rounding: 4
RLF Integral: 4

1 27 38 2 14 32 16 35 22 8 12 53 29 45 55 50 54 28 25 39 51 9 57 5 47 49 13 6 19 11 10 17 48 23 7 42 33 15 59 37 52 41 24 31 30 46 4 36 40 18 3 21 58 26 34 56 43 20 44 60 
LP_Opt:3
Rounding: 6
RLF Integral: 3

1 55 7 5 26 31 52 25 38 59 43 58 20 3 46 53 29 51 57 30 50 33 37 41 6 49 47 54 17 16 42 35 44 11 24 13 19 56 4 10 28 27 34 36 18 39 8 40 45 2 22 32 12 14 9 23 21 15 48 60 
LP_Opt:4
Rounding: 5
RLF Integral: 4

1 51 3 47 17 40 44 10 6 57 30 38 52 50 36 46 20 15 21 48 14 9 29 12 45 25 54 42 13 23 26 16 11 22 32 19 4 28 27 39 31 18 43 37 49 5 33 55 35 34 56 7 2 53 59 58 8 41 24 60 
LP_Opt:3
Rounding: 3
RLF Integral: 3

1 50 49 52 11 21 58 19 17 14 5 35 24 3 31 8 42 32 30 54 20 15 41 51 34 2 9 23 18 43 46 39 55 10 56 29 16 53 59 33 37 36 44 13 12 28 26 45 22 57 48 25 7 4 38 27 6 40 47 60 
LP_Opt:4
Rounding: 8
RLF Integral: 4

1 50 16 51 59 27 44 9 29 25 17 40 39 53 43 46 41 26 49 28 55 15 4 24 32 48 52 34 54 37 22 58 19 38 35 31 7 14 5 3 18 11 2 20 42 30 23 36 10 56 47 45 6 13 57 8 12 21 33 60 
LP_Opt:3
Rounding: 3
RLF Integral: 3

1 16 21 43 54 4 33 3 56 23 38 6 18 17 26 13 59 36 50 41 27 7 19 25 28 46 12 52 14 39 49 48 15 34 53 20 2 22 47 55 29 11 42 31 37 44 35 30 5 32 58 40 10 57 8 51 24 45 9 60 
LP_Opt:3
Rounding: 5
RLF Integral: 4

1 27 6 5 52 36 59 23 9 15 21 17 49 3 44 48 33 18 37 53 29 7 26 57 41 2 54 40 39 38 12 8 31 11 50 28 58 42 46 24 56 55 4 43 16 51 35 22 19 13 47 25 14 34 45 10 30 20 32 60 
LP_Opt:4
Rounding: 6
RLF Integral: 4

1 6 56 3 5 45 22 16 14 24 58 55 38 9 19 57 29 59 47 54 23 49 12 53 11 50 37 13 15 33 17 2 39 52 18 41 21 34 40 4 35 26 30 42 25 27 20 51 46 48 31 8 32 36 28 44 10 43 7 60 
LP_Opt:3
Rounding: 3
RLF Integral: 3

1 23 42 2 30 53 59 31 17 27 41 28 20 44 34 58 5 36 24 35 40 39 47 21 11 6 12 45 43 16 33 10 19 3 26 8 18 50 25 48 38 29 52 4 15 54 56 49 37 7 55 51 22 13 9 57 14 46 32 60 
LP_Opt:3
Rounding: 3
RLF Integral: 3

1 22 45 23 59 29 25 36 50 49 18 13 46 2 6 14 9 55 57 12 17 53 31 40 8 39 44 38 42 21 43 4 52 47 28 7 26 58 15 19 11 24 30 37 3 5 34 16 20 51 32 35 54 33 56 10 27 48 41 60 
LP_Opt:3
Rounding: 3
RLF Integral: 3

1 3 55 22 59 9 12 50 58 18 33 17 4 26 19 45 48 43 27 15 23 25 36 31 38 30 13 29 35 10 7 5 24 21 52 20 49 47 44 51 39 54 16 56 46 2 32 42 37 11 28 34 14 41 53 40 57 8 6 60 
LP_Opt:3
Rounding: 3
RLF Integral: 3

1 58 23 52 44 3 48 25 47 59 40 37 24 36 46 43 50 55 11 39 4 6 29 35 51 57 56 54 9 16 45 2 28 26 18 5 14 20 7 30 12 22 13 17 34 38 10 41 8 15 21 42 19 27 31 33 49 53 32 60 
LP_Opt:3
Rounding: 3
RLF Integral: 3

1 5 17 12 7 58 2 20 10 3 23 44 32 19 24 36 25 42 40 59 27 52 13 11 6 50 37 45 18 22 54 15 43 34 33 9 28 4 35 39 8 31 53 26 51 47 38 49 16 57 29 14 56 46 48 21 41 30 55 60 
LP_Opt:3
Rounding: 3
RLF Integral: 3

1 27 19 42 56 49 23 6 36 5 58 35 47 59 48 15 37 53 22 16 46 21 54 32 28 30 3 2 9 55 25 52 33 7 24 4 40 11 38 31 18 34 45 51 10 43 39 20 50 29 44 26 13 12 41 57 8 17 14 60 
LP_Opt:3
Rounding: 5
RLF Integral: 4

1 53 27 41 46 29 34 2 42 45 5 4 32 23 10 48 54 47 37 50 40 44 36 25 15 39 51 35 43 8 20 31 22 16 57 11 9 17 24 59 13 21 26 33 18 56 12 58 6 38 52 28 30 49 14 19 55 7 3 60 
LP_Opt:3
Rounding: 3
RLF Integral: 3

1 21 4 20 51 38 30 49 36 23 7 31 56 59 37 55 27 48 58 2 33 18 39 6 14 10 29 24 17 11 42 5 19 47 12 45 34 13 52 15 43 57 3 32 41 44 53 26 9 35 28 22 25 16 8 54 40 46 50 60 
LP_Opt:4
Rounding: 4
RLF Integral: 4

1 29 4 44 59 24 54 49 3 27 39 42 6 23 21 55 10 16 45 43 47 15 56 18 35 13 7 26 19 36 58 5 11 50 31 51 28 34 41 38 9 57 14 52 40 53 48 37 46 33 8 32 25 17 2 22 12 20 30 60 
LP_Opt:3
Rounding: 3
RLF Integral: 3

1 9 21 57 6 40 47 37 46 4 11 20 42 48 22 14 17 28 13 27 35 34 3 2 25 19 45 33 31 16 50 56 38 24 18 12 36 7 26 54 49 30 5 51 39 23 29 15 8 55 58 10 52 41 44 59 53 32 43 60 
LP_Opt:3
Rounding: 5
RLF Integral: 3

1 44 11 33 41 59 8 28 21 38 56 49 7 13 17 45 4 2 16 39 5 26 42 19 36 23 30 22 37 48 18 55 35 50 47 6 9 31 53 52 58 34 14 3 40 25 10 20 27 15 24 51 12 57 29 46 54 43 32 60 
LP_Opt:4
Rounding: 4
RLF Integral: 4

1 10 46 59 34 36 13 31 39 38 23 18 48 52 9 51 28 30 16 4 22 41 17 54 12 11 26 45 2 20 29 53 25 49 15 56 43 40 35 14 8 19 32 55 57 42 5 37 50 3 33 27 7 44 24 58 47 6 21 60 
LP_Opt:3
Rounding: 3
RLF Integral: 3

1 18 42 21 12 11 58 37 28 5 33 59 41 22 36 32 50 14 56 53 23 34 15 27 25 7 17 3 49 19 30 24 26 40 9 39 29 8 46 16 20 47 51 13 43 45 38 54 52 44 31 2 57 55 48 6 35 4 10 60 
LP_Opt:3
Rounding: 6
RLF Integral: 4

1 49 6 56 58 34 13 21 47 27 17 55 36 43 16 31 18 12 57 4 23 44 46 52 10 28 32 48 14 45 33 26 2 8 29 37 41 53 35 38 7 50 54 42 40 9 59 25 20 5 39 19 30 15 22 24 11 3 51 60 
LP_Opt:3
Rounding: 3
RLF Integral: 3

1 11 5 40 26 48 53 49 28 59 13 3 38 2 6 15 44 42 8 43 27 58 12 37 25 9 33 22 29 31 23 46 55 19 34 4 30 56 39 54 47 36 7 32 14 20 18 10 17 24 45 50 35 57 16 41 52 51 21 60 
LP_Opt:4
Rounding: 5
RLF Integral: 4

1 39 37 9 47 41 24 58 30 43 15 4 50 54 48 26 36 57 56 8 35 45 32 18 2 22 52 21 10 49 3 38 29 11 42 17 28 16 53 6 12 31 20 46 13 51 25 23 44 19 14 34 7 33 40 59 5 27 55 60 
LP_Opt:3
Rounding: 3
RLF Integral: 3

1 37 15 54 30 47 42 17 26 14 11 52 8 57 53 36 43 24 22 39 50 33 19 55 38 46 6 20 59 56 13 41 49 29 23 58 28 21 34 2 7 51 18 3 25 35 45 10 48 12 16 31 5 32 40 4 44 27 9 60 
LP_Opt:4
Rounding: 7
RLF Integral: 4

1 23 7 18 25 55 21 49 3 54 44 2 45 6 38 47 12 43 46 28 22 20 9 15 50 5 16 42 37 52 19 36 8 31 17 35 4 53 48 51 29 40 27 34 13 57 33 24 14 56 10 30 32 11 41 39 59 26 58 60 
LP_Opt:4
Rounding: 5
RLF Integral: 4

1 7 21 38 2 31 4 53 28 41 57 59 20 32 18 43 3 9 6 19 56 47 33 50 35 39 49 17 55 13 25 51 15 11 54 24 30 22 40 27 46 12 29 45 36 44 26 16 23 14 42 52 48 10 34 37 8 58 5 60 
LP_Opt:3
Rounding: 4
RLF Integral: 3

1 50 30 21 7 24 39 34 12 36 59 22 18 11 26 52 49 42 6 13 29 31 44 55 47 15 41 10 37 53 45 56 33 8 17 40 58 46 14 19 51 16 27 54 3 57 35 25 9 5 48 20 4 2 23 38 32 43 28 60 
LP_Opt:4
Rounding: 4
RLF Integral: 4

1 32 28 10 34 18 29 33 40 8 23 47 20 14 12 16 59 42 39 46 57 13 41 50 31 21 58 48 37 3 45 11 15 22 54 6 19 52 30 24 27 51 36 5 49 4 25 56 35 17 9 53 44 26 43 38 55 7 2 60 
LP_Opt:3
Rounding: 3
RLF Integral: 3

1 36 34 50 15 31 28 10 38 48 30 16 7 57 13 39 35 9 25 52 44 20 18 23 8 17 58 53 6 32 43 2 55 37 11 5 59 46 3 41 4 56 47 42 14 40 45 33 21 49 19 27 26 29 54 51 12 22 24 60 
LP_Opt:3
Rounding: 6
RLF Integral: 4

1 16 11 33 37 28 36 23 47 52 31 46 56 2 27 18 43 41 10 45 7 21 42 3 59 57 4 26 32 29 19 39 24 40 54 9 22 25 38 8 5 48 50 13 53 58 30 15 51 35 6 34 49 17 12 55 20 44 14 60 
LP_Opt:3
Rounding: 3
RLF Integral: 3

1 34 24 45 12 37 7 26 38 27 5 9 16 18 2 59 47 4 21 17 36 55 39 10 22 41 56 49 29 14 54 42 25 8 50 15 32 53 19 3 51 23 48 58 28 20 52 6 31 44 46 57 40 35 11 30 13 33 43 60 
LP_Opt:3
Rounding: 3
RLF Integral: 3

1 53 2 51 3 32 19 5 9 26 33 31 43 46 40 8 21 29 58 55 7 47 39 57 59 11 48 15 38 36 17 54 24 45 22 27 34 56 12 20 52 28 35 16 50 23 18 25 10 49 13 30 6 41 4 44 14 42 37 60 
LP_Opt:3
Rounding: 5
RLF Integral: 4

1 37 28 11 56 18 44 5 8 48 26 32 10 47 15 53 16 7 41 27 59 45 23 46 3 6 55 9 13 17 33 58 50 31 24 51 54 14 40 42 20 38 57 52 30 49 29 19 43 12 2 22 25 21 39 36 4 35 34 60 
LP_Opt:4
Rounding: 5
RLF Integral: 4

1 14 30 28 47 15 9 23 48 27 52 8 51 50 21 49 17 32 37 10 31 43 38 4 35 26 5 41 55 7 39 11 13 54 3 56 59 45 57 34 19 16 44 29 2 33 42 24 53 36 12 18 25 20 22 40 46 6 58 60 
LP_Opt:4
Rounding: 5
RLF Integral: 4

1 33 10 52 54 11 19 41 13 45 43 28 5 40 55 16 18 23 46 2 24 39 25 31 17 56 35 32 48 14 26 3 51 58 27 30 34 53 8 4 29 22 6 36 15 7 57 59 37 49 9 47 50 44 21 38 12 20 42 60 
LP_Opt:3
Rounding: 3
RLF Integral: 3

1 56 58 23 11 46 25 43 12 3 27 59 5 50 31 42 49 57 20 10 14 9 48 24 30 40 35 16 34 45 26 52 54 22 6 8 7 17 2 53 36 15 18 32 41 37 55 4 38 33 47 28 19 13 29 51 44 39 21 60 
LP_Opt:3
Rounding: 3
RLF Integral: 3

1 13 9 40 43 15 7 59 23 2 44 10 12 53 33 36 8 48 34 24 42 18 31 46 54 17 37 5 27 25 56 6 32 16 51 58 20 39 57 55 4 50 11 47 38 22 14 19 35 21 45 52 26 29 49 28 41 30 3 60 
LP_Opt:3
Rounding: 3
RLF Integral: 3

1 4 33 54 47 27 37 32 58 40 22 20 45 15 50 11 17 6 12 29 28 53 44 24 39 18 52 38 19 56 46 41 9 34 31 2 55 26 7 57 23 48 5 8 51 49 35 10 13 3 25 36 43 42 16 30 59 14 21 60 
LP_Opt:3
Rounding: 7
RLF Integral: 4

1 33 32 54 21 55 15 4 41 44 23 48 31 36 9 6 22 24 50 26 51 27 18 35 49 58 17 8 59 57 34 45 39 56 47 38 12 25 42 40 46 19 7 20 3 14 53 37 13 28 10 5 2 30 11 43 29 16 52 60 
LP_Opt:4
Rounding: 5
RLF Integral: 4

1 31 21 59 30 25 5 27 35 49 8 16 42 58 17 53 20 44 32 2 9 36 46 37 41 13 57 34 10 24 51 26 19 29 50 18 15 7 28 45 40 12 38 6 48 39 14 54 47 11 43 22 3 33 55 23 52 56 4 60 
LP_Opt:3
Rounding: 4
RLF Integral: 3

1 53 23 42 8 41 58 54 20 17 11 30 6 9 43 18 24 7 26 21 13 16 2 36 47 51 27 10 44 46 29 33 32 19 5 50 52 28 39 49 45 59 15 40 22 38 48 31 56 25 55 57 34 14 4 35 3 37 12 60 
LP_Opt:4
Rounding: 6
RLF Integral: 4

1 6 28 49 34 54 30 26 5 23 46 8 57 35 13 11 38 37 53 27 2 25 29 3 59 32 9 40 48 43 17 45 33 50 55 22 20 41 4 21 19 36 58 7 51 39 52 42 24 56 14 18 12 44 15 10 16 47 31 60 
LP_Opt:3
Rounding: 5
RLF Integral: 3

1 40 31 54 38 15 13 42 26 18 50 41 46 43 4 58 37 12 17 49 14 24 21 3 36 22 29 56 9 2 11 30 8 5 47 55 7 6 20 28 44 35 57 52 34 19 33 48 39 51 23 25 45 53 10 32 59 16 27 60 
LP_Opt:3
Rounding: 5
RLF Integral: 4

1 56 10 31 14 4 47 52 51 57 12 16 50 46 38 6 19 11 24 41 17 2 53 36 29 25 58 21 23 33 59 40 49 32 45 20 26 42 5 3 9 28 34 54 35 44 13 22 18 48 8 37 15 30 43 27 55 39 7 60 
LP_Opt:3
Rounding: 3
RLF Integral: 3

1 51 41 2 33 32 35 52 3 11 31 10 14 12 54 9 5 4 36 48 57 21 7 17 38 47 29 34 56 30 37 24 20 16 42 19 28 44 55 49 22 18 26 40 45 13 43 25 6 50 59 8 23 58 15 39 53 46 27 60 
LP_Opt:3
Rounding: 6
RLF Integral: 3

1 53 29 27 37 18 5 11 42 54 14 30 20 48 9 56 2 19 17 8 45 23 43 58 44 32 47 59 10 22 28 40 26 13 36 49 31 15 55 7 39 33 35 46 24 41 12 16 50 3 6 4 52 57 21 25 38 51 34 60 
LP_Opt:4
Rounding: 5
RLF Integral: 4

1 36 21 37 7 35 13 46 59 30 14 25 51 44 32 24 29 22 12 38 4 16 33 17 28 23 31 20 10 26 43 8 55 5 15 2 41 11 39 52 6 50 58 54 53 27 3 34 57 42 45 49 18 48 9 19 47 56 40 60 
LP_Opt:3
Rounding: 3
RLF Integral: 3

1 57 9 51 26 34 43 58 17 42 24 49 23 33 27 59 3 31 28 48 55 39 5 44 4 10 37 22 18 12 7 53 46 45 13 25 14 30 32 41 2 16 21 15 56 36 8 40 50 52 19 29 20 11 38 47 35 54 6 60 
LP_Opt:3
Rounding: 3
RLF Integral: 3

1 6 50 53 37 58 26 39 28 40 9 36 34 25 56 43 11 16 31 33 59 17 12 38 14 49 8 5 55 32 44 48 30 23 18 45 4 7 20 42 3 57 24 46 27 54 41 19 47 21 10 22 35 29 51 13 15 2 52 60 
LP_Opt:3
Rounding: 4
RLF Integral: 3

1 54 37 58 20 53 38 51 31 18 23 30 6 15 2 39 35 57 40 12 4 7 36 45 33 52 19 46 43 11 56 48 25 21 10 26 29 8 14 49 9 17 13 27 59 44 22 34 5 47 55 42 32 28 3 16 50 41 24 60 
LP_Opt:4
Rounding: 6
RLF Integral: 4

1 37 19 59 28 21 7 25 52 17 49 13 47 29 45 6 43 16 23 56 51 50 10 57 8 39 34 5 41 2 55 15 9 38 42 12 26 33 22 14 18 46 31 40 48 58 54 30 20 27 53 44 36 3 32 4 24 35 11 60 
LP_Opt:4
Rounding: 6
RLF Integral: 4

1 19 26 39 35 25 31 21 7 40 15 8 59 2 42 34 3 32 58 28 10 46 9 53 41 49 56 54 12 16 52 18 33 5 47 24 11 29 55 22 38 44 48 27 13 17 57 50 20 37 6 23 30 45 43 14 36 51 4 60 
LP_Opt:3
Rounding: 3
RLF Integral: 3

1 34 26 52 21 8 2 46 5 7 48 35 12 25 47 9 3 20 56 40 50 49 14 38 18 17 23 10 32 28 11 42 59 33 36 41 58 19 44 16 51 4 15 45 54 37 24 53 29 13 39 57 6 43 30 22 31 27 55 60 
LP_Opt:3
Rounding: 4
RLF Integral: 3

1 28 18 51 26 37 31 8 33 55 53 41 15 29 17 39 34 43 4 11 13 12 27 7 56 47 54 10 35 45 22 21 50 9 32 6 14 58 49 2 48 5 3 24 20 36 16 46 25 40 59 30 23 42 52 44 19 57 38 60 
LP_Opt:3
Rounding: 5
RLF Integral: 3

1 28 16 38 56 26 40 23 33 25 20 44 27 46 30 7 49 36 58 31 43 12 59 24 47 2 9 29 21 34 5 13 57 11 22 52 35 3 55 19 39 37 10 17 8 41 54 53 14 6 51 48 4 18 42 15 32 50 45 60 
LP_Opt:3
Rounding: 5
RLF Integral: 4

1 5 49 38 16 3 19 32 14 39 21 56 43 52 42 51 45 30 35 6 41 2 29 13 25 8 54 26 28 48 9 46 11 24 57 33 55 31 50 15 44 36 10 23 17 27 34 58 4 53 37 22 40 18 12 47 20 59 7 60 
LP_Opt:3
Rounding: 3
RLF Integral: 3

1 55 20 29 35 15 14 47 6 28 24 17 3 37 54 30 33 48 11 22 9 51 53 2 39 23 26 7 31 41 13 59 58 46 8 4 56 25 32 43 16 36 27 57 42 45 49 12 44 18 52 21 19 38 50 5 40 10 34 60 
LP_Opt:4
Rounding: 6
RLF Integral: 4

1 26 9 3 10 25 33 56 41 8 13 27 43 55 38 37 40 52 11 6 48 2 19 23 51 57 7 5 30 29 31 12 21 15 14 42 54 17 34 16 59 35 45 58 50 36 22 53 39 46 18 4 20 24 49 44 47 28 32 60 
LP_Opt:3
Rounding: 4
RLF Integral: 3

1 21 47 8 6 25 19 9 41 58 44 2 57 29 12 16 40 37 4 38 26 45 18 5 53 27 22 11 36 43 13 31 52 51 49 23 34 3 56 24 35 7 55 20 33 59 39 17 50 14 32 48 15 42 30 46 54 10 28 60 
LP_Opt:3
Rounding: 6
RLF Integral: 4

1 50 27 17 49 32 22 58 40 12 15 18 6 38 9 54 4 8 42 46 23 14 13 44 55 34 53 10 3 51 33 26 56 28 47 25 45 43 39 31 57 35 41 24 36 2 30 5 20 59 37 11 29 19 21 52 7 48 16 60 
LP_Opt:4
Rounding: 5
RLF Integral: 4

1 41 49 46 54 31 38 56 7 34 53 37 26 13 20 14 22 30 39 9 33 29 57 52 6 4 32 59 21 16 3 8 55 58 27 23 28 18 42 47 45 48 36 12 35 40 50 44 5 25 15 43 51 19 17 11 2 10 24 60 
LP_Opt:3
Rounding: 6
RLF Integral: 3

1 29 21 11 50 2 9 34 56 47 40 13 18 44 27 39 41 30 43 36 45 12 48 42 10 53 51 28 23 25 16 37 24 6 33 15 8 19 31 59 5 20 32 49 55 46 58 26 38 7 22 3 17 14 52 4 57 35 54 60 
LP_Opt:3
Rounding: 3
RLF Integral: 3

1 18 44 15 34 49 6 31 48 40 35 3 45 50 14 37 32 56 7 23 10 52 42 8 13 54 59 26 58 57 12 16 2 22 38 11 27 17 30 20 39 25 43 29 53 4 28 5 21 36 19 51 9 24 41 46 33 47 55 60 
LP_Opt:3
Rounding: 3
RLF Integral: 3

1 40 30 59 6 55 21 53 24 28 58 10 13 38 32 4 16 33 5 12 43 18 48 25 3 27 34 39 29 2 11 17 9 50 15 51 23 54 41 20 57 22 47 8 19 14 52 7 46 37 49 35 44 26 36 45 42 56 31 60 
LP_Opt:4
Rounding: 4
RLF Integral: 4

1 33 57 43 27 32 46 20 39 34 44 30 15 8 26 14 19 31 7 4 11 28 21 13 17 29 6 24 59 2 25 45 12 5 36 18 50 56 47 23 40 58 54 10 35 9 49 48 38 52 41 16 55 22 51 37 42 3 53 60 
LP_Opt:3
Rounding: 3
RLF Integral: 3

1 37 49 39 54 29 52 55 59 45 13 48 33 36 56 17 14 27 12 34 7 38 6 25 21 8 50 26 30 53 15 20 35 16 32 19 24 43 40 46 57 42 11 22 5 47 23 2 28 3 51 9 31 41 44 4 10 18 58 60 
LP_Opt:3
Rounding: 3
RLF Integral: 3

1 37 31 46 23 28 52 48 51 6 50 25 18 58 19 3 41 36 24 11 30 44 38 13 16 12 47 9 53 8 2 34 54 32 56 15 14 7 39 26 55 35 49 42 10 20 33 27 59 4 40 21 29 17 5 45 22 57 43 60 
LP_Opt:3
Rounding: 3
RLF Integral: 3

1 27 51 5 20 13 11 52 54 24 46 23 57 34 37 26 36 33 58 47 55 12 4 49 30 16 18 43 40 29 19 56 41 7 21 3 17 32 44 28 6 39 42 2 8 48 53 45 59 50 31 35 9 14 25 22 38 15 10 60 
LP_Opt:3
Rounding: 6
RLF Integral: 3

1 19 16 53 33 2 4 40 58 21 57 36 18 14 52 11 49 9 41 7 31 15 35 3 39 50 55 26 12 32 51 24 45 56 34 6 30 22 8 29 44 47 13 20 46 54 59 37 43 48 17 5 28 27 25 38 42 23 10 60 
LP_Opt:3
Rounding: 3
RLF Integral: 3

1 29 24 13 16 57 17 44 38 35 34 4 19 12 28 6 37 52 31 20 39 30 18 26 8 22 47 10 58 7 55 3 41 54 14 11 51 15 53 46 42 48 2 27 59 43 25 9 32 21 45 23 33 49 36 50 40 56 5 60 
LP_Opt:3
Rounding: 3
RLF Integral: 3

1 26 54 14 23 19 13 15 55 10 38 21 43 31 40 28 59 50 33 5 39 58 18 24 49 29 6 25 46 17 2 11 48 37 35 8 3 9 53 30 51 7 52 41 16 44 57 27 22 4 45 20 42 47 56 12 36 34 32 60 
LP_Opt:3
Rounding: 7
RLF Integral: 4

1 30 44 14 29 47 13 16 38 42 52 25 11 46 49 56 4 43 54 37 59 36 2 28 27 19 24 41 53 10 3 5 58 33 35 22 51 45 32 8 18 40 39 31 34 21 57 15 23 55 17 48 7 9 50 20 26 6 12 60 
LP_Opt:3
Rounding: 4
RLF Integral: 3

1 6 28 2 34 19 47 25 27 45 14 24 56 41 38 12 30 46 36 31 48 7 59 26 8 43 13 33 5 15 3 17 21 39 16 58 49 35 20 10 44 37 11 57 9 32 50 54 42 51 23 40 4 29 18 55 22 53 52 60 
LP_Opt:3
Rounding: 3
RLF Integral: 3

1 13 34 28 58 19 11 23 50 46 16 18 24 7 17 20 2 54 30 3 32 44 27 26 55 8 59 35 29 25 21 5 36 51 9 48 57 31 15 53 47 22 37 39 33 45 42 4 41 12 10 6 56 49 40 52 38 14 43 60 
LP_Opt:3
Rounding: 4
RLF Integral: 3

1 23 14 58 43 56 38 29 9 36 31 42 39 8 24 15 40 55 22 35 17 7 19 28 16 11 51 18 46 6 4 54 44 21 52 41 26 12 10 47 45 3 34 48 57 30 37 50 25 53 32 2 33 49 13 20 59 27 5 60 
LP_Opt:4
Rounding: 4
RLF Integral: 4

1 10 5 40 32 53 50 16 33 54 7 18 26 46 9 39 31 35 58 29 34 28 41 37 45 55 42 8 6 12 49 59 43 20 24 57 4 13 27 17 19 51 11 21 36 30 48 44 47 15 22 56 38 25 2 23 14 52 3 60 
LP_Opt:3
Rounding: 4
RLF Integral: 3

1 53 32 42 39 9 56 55 12 49 43 25 30 19 15 47 33 18 45 23 8 57 3 5 28 48 34 2 22 46 6 37 7 24 10 13 59 26 11 51 44 54 29 4 20 40 16 31 58 38 14 52 27 50 36 35 21 41 17 60 
LP_Opt:4
Rounding: 6
RLF Integral: 4

1 16 42 13 19 6 30 46 27 47 56 20 50 43 15 21 54 40 3 45 4 51 10 29 53 7 39 36 17 9 37 57 33 41 38 23 48 26 14 55 24 58 28 52 2 32 8 31 59 12 22 34 11 25 35 18 5 49 44 60 
LP_Opt:3
Rounding: 4
RLF Integral: 3

1 44 43 9 52 4 25 40 8 26 41 10 32 39 2 35 12 51 16 58 21 57 46 31 28 53 30 22 7 37 5 33 13 36 24 19 47 20 59 17 54 56 23 6 14 48 50 18 3 34 29 45 38 55 49 42 27 15 11 60 
LP_Opt:4
Rounding: 6
RLF Integral: 4

1 20 53 59 34 40 51 31 46 23 39 32 14 6 55 43 17 35 7 54 41 9 30 45 27 21 47 49 8 38 22 5 24 48 58 25 10 37 33 28 56 15 13 42 3 57 52 19 16 12 26 11 36 4 29 2 50 18 44 60 
LP_Opt:3
Rounding: 3
RLF Integral: 3

1 15 55 54 11 50 31 30 28 58 44 49 57 37 4 43 23 14 10 35 51 16 59 12 3 18 7 41 8 22 52 39 38 2 56 25 5 33 53 6 13 45 17 21 36 40 47 19 27 46 20 26 34 42 48 24 9 29 32 60 
LP_Opt:3
Rounding: 3
RLF Integral: 3

1 55 22 30 4 24 36 33 27 21 41 25 57 6 39 42 53 50 2 58 40 7 56 11 49 44 5 45 54 14 51 37 15 43 17 8 46 26 32 48 28 31 38 23 29 18 47 20 10 35 59 13 12 16 34 9 3 52 19 60 
LP_Opt:3
Rounding: 3
RLF Integral: 3

1 41 19 55 8 58 50 10 33 36 20 26 57 38 17 14 31 49 28 11 37 7 47 22 9 24 5 42 2 27 34 44 30 54 21 52 13 46 3 29 40 12 16 45 59 48 51 6 56 39 53 4 32 25 43 18 15 35 23 60 
LP_Opt:3
Rounding: 3
RLF Integral: 3

1 53 32 25 17 47 18 4 55 29 48 52 57 14 46 5 36 51 45 49 9 41 38 40 28 31 20 35 59 13 10 26 54 33 2 39 15 30 7 12 50 16 11 19 44 6 43 37 27 56 42 23 58 8 22 21 34 24 3 60 
LP_Opt:3
Rounding: 3
RLF Integral: 3

1 46 53 27 23 54 12 18 15 45 42 55 8 34 37 5 39 30 48 59 56 50 9 4 40 20 44 24 7 19 49 2 33 26 11 41 35 17 10 31 25 36 21 6 43 47 22 58 52 3 28 14 29 13 51 38 16 32 57 60 
LP_Opt:3
Rounding: 3
RLF Integral: 3

1 16 24 2 31 3 51 37 54 28 52 46 36 7 30 25 40 23 15 21 47 22 4 43 26 11 41 33 18 17 38 20 35 6 29 13 34 42 44 12 49 45 48 50 39 55 59 58 9 57 14 27 53 56 10 8 32 5 19 60 
LP_Opt:3
Rounding: 4
RLF Integral: 3

1 31 18 41 5 33 58 29 47 44 56 7 14 27 9 24 34 2 11 36 12 49 26 22 53 39 8 52 17 46 55 19 10 3 37 43 42 38 50 57 16 32 54 30 20 45 40 48 6 35 13 51 15 23 59 21 28 4 25 60 
LP_Opt:3
Rounding: 8
RLF Integral: 3

1 15 47 50 8 56 40 11 6 36 58 25 31 52 33 44 17 39 9 43 54 13 2 51 22 19 5 21 32 35 37 30 23 16 46 42 38 12 29 20 14 28 57 59 24 27 26 45 3 49 10 53 55 41 7 34 48 4 18 60 
LP_Opt:3
Rounding: 5
RLF Integral: 3

1 35 37 13 39 21 58 34 15 24 19 43 3 46 52 20 2 5 27 9 54 29 23 56 12 11 16 38 30 33 57 6 26 8 44 40 55 36 18 50 31 4 10 7 42 41 14 22 47 53 25 32 49 51 48 17 28 59 45 60 
LP_Opt:3
Rounding: 6
RLF Integral: 3

1 13 15 35 59 14 10 25 40 8 43 16 2 46 3 24 38 5 32 49 45 27 9 36 53 37 42 6 54 52 29 34 48 57 41 50 39 4 19 18 56 51 26 17 58 31 55 23 33 47 7 22 44 12 20 11 30 28 21 60 
LP_Opt:3
Rounding: 3
RLF Integral: 3

1 53 56 16 40 27 8 25 14 49 21 15 52 35 24 4 47 12 30 58 23 57 39 29 59 20 6 50 43 9 51 41 17 34 38 11 18 7 46 5 2 36 28 42 54 48 13 31 44 32 45 37 3 26 10 55 19 22 33 60 
LP_Opt:3
Rounding: 5
RLF Integral: 4

1 7 55 37 5 30 40 45 52 34 51 28 14 12 21 20 32 53 18 42 59 44 49 22 31 36 38 17 29 41 57 13 43 8 6 56 24 15 11 50 19 16 9 58 23 54 48 39 2 4 10 25 47 26 3 35 33 46 27 60 
LP_Opt:3
Rounding: 3
RLF Integral: 3

1 41 58 25 19 44 18 6 35 57 45 40 15 54 3 29 46 43 55 9 20 7 49 51 4 48 47 28 34 31 8 23 50 53 21 12 30 2 42 5 56 26 17 22 38 10 14 52 16 27 32 36 39 33 37 59 13 11 24 60 
LP_Opt:3
Rounding: 3
RLF Integral: 3

1 13 21 30 38 19 15 9 33 10 4 18 6 58 51 16 20 11 39 45 44 53 35 27 52 54 2 48 55 24 50 26 42 59 41 17 47 34 40 28 7 23 49 36 43 5 37 32 56 14 31 22 25 29 3 57 12 8 46 60 
LP_Opt:3
Rounding: 3
RLF Integral: 3

1 48 59 25 24 10 18 42 32 57 5 9 39 35 41 23 14 56 16 19 46 43 50 11 34 26 33 55 31 38 21 12 49 52 44 4 13 36 30 54 20 6 29 40 15 58 53 51 8 28 3 47 22 2 27 7 37 17 45 60 
LP_Opt:3
Rounding: 3
RLF Integral: 3

1 54 34 16 31 42 45 40 36 32 56 58 30 24 5 18 43 12 3 17 53 13 51 38 22 11 19 8 49 55 28 20 15 37 2 39 33 29 10 41 48 57 27 50 21 46 35 59 47 26 4 52 23 9 6 44 7 14 25 60 
LP_Opt:4
Rounding: 6
RLF Integral: 4

1 58 52 29 5 39 55 43 28 11 38 45 14 17 33 6 50 22 49 30 56 54 41 3 34 37 9 42 19 24 13 32 18 10 12 35 40 31 23 27 2 36 46 57 59 8 25 47 26 51 53 48 16 15 44 7 21 4 20 60 
LP_Opt:3
Rounding: 3
RLF Integral: 3

1 5 55 58 37 43 40 53 56 38 6 45 32 26 25 18 4 16 48 39 21 7 51 19 27 33 57 13 23 52 59 36 22 3 17 12 24 54 35 15 14 34 41 11 28 9 2 50 44 30 10 42 29 31 20 49 47 46 8 60 
LP_Opt:3
Rounding: 3
RLF Integral: 3

1 20 49 4 19 13 31 16 11 37 48 30 33 42 25 10 59 43 39 26 51 27 34 18 54 41 45 6 23 35 58 9 50 8 44 5 32 7 14 52 56 12 21 3 22 40 17 46 57 36 15 24 47 2 38 53 29 55 28 60 
LP_Opt:3
Rounding: 5
RLF Integral: 4

1 9 27 16 2 28 34 23 42 10 15 17 11 14 38 58 31 49 33 47 12 45 54 56 19 21 59 26 18 48 44 13 6 53 4 40 43 41 22 25 46 37 8 35 39 51 36 29 24 5 32 3 50 30 57 20 55 7 52 60 
LP_Opt:3
Rounding: 3
RLF Integral: 3

1 20 45 35 30 29 42 46 48 51 28 15 9 21 8 25 18 56 22 47 49 19 41 26 34 12 58 17 23 27 37 39 54 43 33 5 32 16 59 40 57 24 7 6 13 38 3 55 53 14 52 44 50 31 36 2 4 11 10 60 
LP_Opt:3
Rounding: 3
RLF Integral: 3

1 55 38 48 15 57 34 43 35 6 42 59 36 52 21 32 5 19 24 9 44 7 33 18 22 54 10 16 20 41 3 46 40 14 26 12 58 39 49 28 31 47 25 27 50 23 37 51 29 53 11 2 56 8 30 13 4 45 17 60 
LP_Opt:4
Rounding: 5
RLF Integral: 4

1 9 13 7 54 30 28 45 39 50 22 15 31 2 44 23 12 55 29 58 21 6 49 43 27 47 8 40 52 17 10 35 33 56 16 32 48 25 57 11 14 53 51 36 4 34 18 38 20 42 59 46 3 24 26 37 41 19 5 60 
LP_Opt:3
Rounding: 3
RLF Integral: 3

1 44 55 29 17 57 34 4 18 35 31 58 8 40 9 45 49 56 3 24 38 5 19 7 2 13 20 53 12 28 27 39 59 21 54 41 15 37 51 25 46 42 22 33 36 26 10 23 48 14 16 6 43 11 30 52 47 32 50 60 
LP_Opt:3
Rounding: 3
RLF Integral: 3

1 47 31 20 49 44 15 28 9 57 59 45 30 29 6 19 37 13 46 42 18 11 17 22 5 27 54 21 34 14 33 53 26 3 56 39 23 7 51 4 48 58 38 41 50 35 8 12 25 43 40 36 55 52 2 10 24 16 32 60 
LP_Opt:4
Rounding: 4
RLF Integral: 4

1 30 41 57 34 23 58 10 38 11 35 29 54 3 32 20 48 16 24 2 42 14 47 9 5 50 13 17 53 12 21 28 27 18 15 52 45 37 56 46 49 59 19 36 22 39 51 40 4 55 6 43 7 44 26 31 33 25 8 60 
LP_Opt:3
Rounding: 3
RLF Integral: 3

1 13 50 37 24 18 34 26 3 15 17 8 36 54 4 43 33 58 46 29 5 21 12 10 59 40 6 30 20 57 35 25 19 27 47 14 32 48 56 55 52 2 51 23 9 42 7 41 31 22 39 16 45 28 53 44 38 49 11 60 
LP_Opt:4
Rounding: 6
RLF Integral: 4

1 57 46 6 5 32 58 55 7 49 37 22 59 45 17 12 23 25 33 15 53 20 28 11 44 21 43 52 36 40 8 31 26 16 14 56 10 34 48 35 39 18 27 19 4 41 13 42 9 24 29 51 38 50 30 54 47 3 2 60 
LP_Opt:3
Rounding: 3
RLF Integral: 3

1 4 44 3 48 52 55 57 30 13 53 23 21 9 6 11 29 46 15 51 14 10 35 40 42 22 33 37 31 49 38 56 26 58 16 20 12 25 43 8 47 32 36 50 28 34 19 59 24 27 7 45 41 54 18 2 39 5 17 60 
LP_Opt:3
Rounding: 4
RLF Integral: 3

1 42 33 24 12 34 36 11 31 46 55 29 44 19 53 57 5 10 26 51 49 58 2 43 56 23 35 6 15 13 38 40 21 45 59 48 47 39 22 25 9 16 41 32 4 50 37 7 18 30 28 14 17 3 27 52 20 8 54 60 
LP_Opt:3
Rounding: 7
RLF Integral: 3

1 38 8 34 40 18 44 47 56 22 19 54 58 10 31 28 51 55 21 11 32 27 25 30 24 48 2 46 20 13 43 37 4 57 26 3 35 59 52 39 23 9 14 36 33 53 29 45 5 50 12 41 17 15 7 42 6 16 49 60 
LP_Opt:3
Rounding: 3
RLF Integral: 3

1 38 10 36 27 30 41 17 55 14 46 49 48 42 16 47 18 11 7 51 44 28 37 34 52 21 45 58 5 25 2 8 59 3 13 53 19 6 23 43 33 32 12 39 24 9 50 15 29 35 26 40 20 57 4 31 22 54 56 60 
LP_Opt:3
Rounding: 3
RLF Integral: 3

1 46 33 51 5 31 15 25 35 38 19 54 58 52 32 24 43 17 21 13 40 10 42 44 53 36 3 41 11 34 56 8 45 47 6 23 39 27 2 16 37 9 57 59 4 20 29 49 7 12 26 14 55 30 50 48 28 22 18 60 
LP_Opt:4
Rounding: 5
RLF Integral: 4

1 54 45 5 32 31 27 22 11 3 23 18 41 28 9 36 34 43 10 12 25 48 4 19 17 56 55 8 37 44 21 59 16 26 39 15 38 29 13 40 20 33 6 35 53 47 57 24 7 50 52 42 49 58 30 46 51 2 14 60 
LP_Opt:3
Rounding: 3
RLF Integral: 3

1 19 57 47 11 42 4 35 40 20 34 52 56 33 9 23 43 59 10 25 45 28 27 5 39 44 58 24 15 6 18 37 46 2 7 21 53 41 31 16 55 3 50 54 32 12 51 14 38 29 36 22 49 13 48 30 26 17 8 60 
LP_Opt:3
Rounding: 7
RLF Integral: 3

1 50 18 21 28 35 4 52 8 14 48 41 34 39 38 12 54 45 42 10 2 43 31 3 25 49 57 56 46 40 44 58 37 55 32 11 7 24 30 17 22 53 9 36 23 51 59 16 20 19 15 29 33 27 13 26 6 47 5 60 
LP_Opt:3
Rounding: 3
RLF Integral: 3

1 51 36 49 43 52 16 33 58 44 34 32 26 10 53 39 20 6 41 50 8 59 15 56 4 40 42 31 29 7 38 14 18 2 55 54 9 47 37 30 45 48 11 25 12 35 22 24 27 19 57 23 13 3 46 17 28 5 21 60 
LP_Opt:4
Rounding: 5
RLF Integral: 4

1 11 4 34 16 18 54 35 10 39 56 20 44 21 41 31 53 6 50 30 37 33 49 58 36 42 5 43 9 55 12 45 32 14 28 2 40 24 7 22 3 59 17 8 29 52 51 13 47 19 25 46 26 38 57 48 15 27 23 60 
LP_Opt:3
Rounding: 3
RLF Integral: 3

1 52 12 33 56 55 39 4 54 37 10 42 24 40 13 32 22 2 30 51 38 16 25 7 44 5 59 3 45 53 28 27 21 57 36 49 29 14 26 8 18 34 50 11 19 9 47 35 43 20 31 23 41 46 6 58 15 48 17 60 
LP_Opt:3
Rounding: 4
RLF Integral: 4

1 51 37 20 18 47 36 12 41 56 21 8 38 40 44 7 54 26 2 5 3 58 57 31 29 32 34 10 27 9 50 4 42 24 13 28 48 17 30 49 52 33 35 25 43 59 6 16 23 19 55 11 46 39 53 45 15 14 22 60 
LP_Opt:3
Rounding: 3
RLF Integral: 3

1 57 47 55 3 56 41 33 4 39 43 12 11 35 59 9 37 23 58 21 10 8 5 38 40 14 36 6 27 17 52 51 42 13 32 25 30 46 2 53 29 20 18 50 49 34 44 15 26 28 24 54 7 45 48 22 19 16 31 60 
LP_Opt:4
Rounding: 5
RLF Integral: 4

1 36 43 12 7 57 56 18 11 34 9 59 10 52 50 13 49 4 48 22 29 15 2 30 40 44 19 37 24 20 45 16 58 28 31 41 51 47 26 6 38 32 42 39 35 14 21 8 54 27 25 17 3 46 53 5 23 33 55 60 
LP_Opt:3
Rounding: 4
RLF Integral: 3

1 35 57 9 39 25 52 59 55 31 30 21 19 11 51 42 33 43 22 15 4 48 45 7 41 56 14 5 12 34 54 36 10 20 29 6 47 40 18 38 24 27 3 58 32 23 44 16 53 26 37 49 17 50 8 2 28 46 13 60 
LP_Opt:4
Rounding: 5
RLF Integral: 4

1 52 59 27 13 6 34 22 12 23 31 33 3 21 24 26 28 51 30 41 32 56 7 46 25 57 15 4 39 43 50 14 53 38 44 37 48 9 49 18 42 35 20 19 16 36 47 54 17 10 58 55 29 11 40 2 8 45 5 60 
LP_Opt:3
Rounding: 3
RLF Integral: 3

1 27 16 47 39 18 38 58 24 2 51 23 17 29 40 4 7 42 30 11 53 25 31 13 36 41 44 10 28 33 52 43 48 12 20 6 19 3 50 56 14 46 57 55 34 45 35 15 21 26 22 8 54 32 5 49 9 59 37 60 
LP_Opt:3
Rounding: 6
RLF Integral: 4

1 18 43 13 26 45 55 29 3 38 58 44 23 47 52 34 8 56 19 39 35 59 2 9 30 48 24 42 32 4 15 5 33 31 41 12 54 40 16 50 17 25 21 37 51 22 11 20 10 28 46 49 57 7 6 53 27 14 36 60 
LP_Opt:3
Rounding: 4
RLF Integral: 4

1 28 27 39 43 52 24 14 2 45 41 58 40 11 53 55 3 18 36 56 7 49 32 57 47 9 4 8 17 21 38 44 10 5 33 37 16 51 34 25 42 12 31 13 20 54 46 22 50 19 48 35 30 26 29 6 15 59 23 60 
LP_Opt:3
Rounding: 3
RLF Integral: 3

1 44 51 8 6 17 22 31 13 10 36 42 32 50 34 41 21 2 37 54 5 7 28 12 29 3 55 58 16 30 24 26 18 52 57 11 43 48 20 39 33 35 59 38 4 23 25 40 45 27 56 47 53 19 15 9 46 14 49 60 
LP_Opt:3
Rounding: 3
RLF Integral: 3

1 33 51 48 21 18 39 27 49 5 37 54 35 9 11 32 10 8 26 50 3 47 7 40 19 42 45 28 22 57 59 34 52 44 56 12 24 23 20 2 46 55 14 36 38 16 6 31 25 13 17 53 30 58 29 4 43 15 41 60 
LP_Opt:3
Rounding: 5
RLF Integral: 4

1 50 14 37 45 42 35 55 24 27 40 13 16 46 8 12 22 52 9 54 19 23 6 51 3 30 26 11 2 36 57 41 38 43 34 7 44 56 20 48 10 25 18 31 17 49 58 15 28 59 29 47 5 21 33 4 39 53 32 60 
LP_Opt:3
Rounding: 3
RLF Integral: 3

1 23 41 45 42 53 48 28 11 54 5 55 33 39 13 35 8 56 31 30 14 25 38 37 20 34 46 29 18 9 58 43 16 50 49 59 3 27 24 40 4 19 10 21 12 2 44 47 22 52 26 32 7 17 57 36 15 6 51 60 
LP_Opt:4
Rounding: 7
RLF Integral: 4

1 8 41 16 46 12 18 43 35 27 58 47 28 53 21 3 40 25 51 17 59 9 29 38 6 54 45 2 49 39 33 50 36 26 22 32 23 37 14 30 13 7 10 52 55 48 20 57 42 19 44 31 15 34 5 56 4 24 11 60 
LP_Opt:3
Rounding: 4
RLF Integral: 3

1 18 55 7 25 34 51 38 52 26 29 15 36 45 31 28 8 12 20 43 53 3 49 6 39 14 35 17 46 30 48 47 44 27 41 11 9 59 33 24 21 50 22 54 13 23 37 32 40 58 10 5 42 16 2 4 19 57 56 60 
LP_Opt:3
Rounding: 3
RLF Integral: 3

1 23 35 55 18 31 20 49 13 7 4 12 22 30 9 11 33 50 10 42 36 32 54 47 56 28 37 52 27 26 41 21 14 58 17 5 57 45 25 51 39 16 48 44 40 19 46 34 53 29 3 2 43 15 6 59 38 24 8 60 
LP_Opt:4
Rounding: 4
RLF Integral: 4

1 12 34 52 8 50 19 36 38 37 3 42 33 51 48 11 22 47 26 43 7 59 32 28 27 53 55 24 23 14 46 54 6 45 5 21 15 40 9 20 2 16 58 4 31 25 57 17 29 44 35 49 10 56 30 18 41 39 13 60 
LP_Opt:3
Rounding: 3
RLF Integral: 3

1 53 52 3 48 54 37 22 32 43 33 57 41 36 42 20 13 28 26 45 19 11 27 30 25 29 35 23 46 5 47 39 38 17 16 4 10 50 59 44 15 34 8 2 21 6 14 40 31 12 55 7 24 56 58 51 49 9 18 60 
LP_Opt:4
Rounding: 5
RLF Integral: 4

1 9 51 6 2 32 42 58 40 21 16 25 24 19 29 5 46 49 54 57 48 10 44 55 52 56 39 53 27 4 7 17 33 11 22 26 59 35 18 36 38 47 20 3 37 28 34 43 30 45 14 13 31 12 15 8 50 23 41 60 
LP_Opt:3
Rounding: 3
RLF Integral: 3

1 21 38 30 35 17 57 33 14 31 42 16 4 55 47 2 23 13 34 3 9 46 19 49 28 27 59 52 20 45 11 54 24 39 32 48 56 7 51 18 58 44 26 5 36 15 22 10 12 8 29 6 37 50 40 43 41 53 25 60 
LP_Opt:3
Rounding: 4
RLF Integral: 3

1 12 38 24 27 10 46 29 35 16 26 42 39 23 47 36 5 22 34 55 9 44 17 51 20 40 52 14 49 19 54 56 58 11 59 57 15 7 28 6 3 45 13 8 21 30 33 31 2 48 37 4 32 25 53 50 41 43 18 60 
LP_Opt:3
Rounding: 6
RLF Integral: 4

1 7 42 36 58 3 45 39 50 23 34 53 38 37 56 8 6 2 21 28 15 47 41 12 29 5 4 19 59 26 44 14 18 57 43 54 40 52 17 49 55 9 20 48 33 51 11 10 25 31 27 46 22 16 32 24 13 30 35 60 
LP_Opt:3
Rounding: 3
RLF Integral: 3

1 48 52 9 22 40 30 57 31 2 17 23 54 8 7 53 25 42 36 50 6 5 47 28 12 19 13 16 58 41 44 14 37 18 45 39 34 11 29 33 21 27 46 59 3 49 35 15 24 32 4 51 26 38 56 10 55 20 43 60 
LP_Opt:3
Rounding: 3
RLF Integral: 3

1 49 21 31 22 4 47 58 14 53 12 10 46 50 25 32 38 6 27 24 2 35 57 23 20 52 59 7 33 29 15 37 13 17 44 28 26 40 18 34 54 8 48 5 9 56 39 11 3 45 19 42 36 55 51 41 16 30 43 60 
LP_Opt:3
Rounding: 3
RLF Integral: 3

1 16 9 12 29 2 45 40 7 57 25 50 42 14 26 24 19 51 58 15 44 39 6 17 52 32 41 5 56 36 10 8 13 43 3 35 18 48 59 30 23 11 22 38 21 37 47 27 31 54 20 28 46 34 53 55 33 4 49 60 
LP_Opt:3
Rounding: 3
RLF Integral: 3

1 20 9 59 55 42 10 37 33 31 57 27 3 45 8 54 2 39 16 44 32 58 43 4 30 17 28 13 36 51 35 46 18 34 24 11 19 50 5 23 21 26 41 52 15 40 53 14 25 22 7 48 29 56 49 12 6 38 47 60 
LP_Opt:4
Rounding: 5
RLF Integral: 4

1 37 10 46 18 45 17 15 4 34 14 58 19 29 48 27 8 47 51 30 55 57 44 53 20 16 32 36 24 50 25 6 3 23 13 40 42 56 52 35 38 7 43 54 22 9 5 28 11 2 59 39 26 33 31 12 41 21 49 60 
LP_Opt:3
Rounding: 3
RLF Integral: 3

1 9 35 18 8 26 15 32 30 19 33 20 55 17 42 41 5 25 49 16 38 44 3 2 43 7 56 59 24 11 14 10 40 54 4 27 6 13 48 31 22 29 28 50 58 45 53 47 37 57 52 12 39 23 21 51 46 34 36 60 
LP_Opt:3
Rounding: 3
RLF Integral: 3

1 18 15 48 14 30 55 4 22 49 19 39 47 58 38 13 2 35 50 57 29 6 45 32 20 9 28 43 54 51 46 23 25 59 8 44 34 11 17 33 12 7 42 3 52 37 10 40 16 31 24 41 21 56 27 36 26 5 53 60 
LP_Opt:3
Rounding: 3
RLF Integral: 3

1 58 12 32 44 18 54 38 33 17 14 8 56 37 9 59 39 51 43 28 20 11 41 26 30 27 49 13 4 22 57 24 6 45 52 31 3 29 5 16 21 10 50 25 19 47 15 2 55 42 7 40 23 34 53 35 46 36 48 60 
LP_Opt:3
Rounding: 3
RLF Integral: 3

1 49 11 28 36 3 48 4 58 26 12 41 32 35 15 6 55 16 50 5 37 30 22 25 38 17 8 27 9 14 33 18 21 7 29 2 34 57 46 43 23 42 59 20 54 13 40 56 24 44 31 39 47 52 10 51 53 45 19 60 
LP_Opt:4
Rounding: 4
RLF Integral: 4

1 19 15 5 37 4 14 6 17 51 10 52 56 26 24 7 11 43 39 47 45 58 35 41 40 48 25 50 3 12 16 55 33 32 34 31 2 38 54 57 9 27 23 44 20 59 13 30 29 18 8 36 46 21 49 28 22 42 53 60 
LP_Opt:3
Rounding: 3
RLF Integral: 3

1 51 57 33 6 23 45 40 5 17 58 37 43 11 13 18 54 14 53 21 59 31 27 46 10 20 47 39 25 24 9 3 41 26 7 19 29 8 44 28 42 12 36 22 55 34 38 49 32 50 48 4 35 15 56 16 2 52 30 60 
LP_Opt:3
Rounding: 3
RLF Integral: 3

1 8 48 12 38 54 5 3 31 34 32 15 58 40 23 47 22 18 37 29 44 28 43 19 16 50 52 36 27 26 35 17 20 59 57 9 21 10 55 53 42 24 4 13 6 2 14 49 33 7 56 46 51 25 41 30 45 39 11 60 
LP_Opt:3
Rounding: 3
RLF Integral: 3

1 22 34 28 19 27 37 31 18 41 15 12 51 8 42 30 3 45 59 14 4 25 47 50 11 20 40 7 38 26 33 39 55 13 54 29 57 10 48 9 21 46 6 36 44 35 24 5 53 17 23 49 16 52 2 43 32 58 56 60 
LP_Opt:4
Rounding: 4
RLF Integral: 4

1 4 40 23 32 34 18 22 49 13 31 7 51 36 12 35 5 42 59 28 30 9 52 26 24 10 54 29 8 56 17 58 38 15 50 45 48 44 39 19 21 47 16 43 3 11 33 6 41 37 14 27 57 46 55 2 25 53 20 60 
LP_Opt:3
Rounding: 3
RLF Integral: 3

1 50 46 31 38 28 5 23 11 13 58 29 21 49 37 56 12 26 4 16 43 57 17 10 53 7 30 20 22 52 35 48 55 2 40 39 9 51 8 47 45 32 19 44 42 59 34 15 18 41 25 33 24 27 54 3 14 36 6 60 
LP_Opt:4
Rounding: 5
RLF Integral: 4

1 38 35 42 46 6 45 29 48 21 25 33 26 55 34 19 9 49 30 10 47 22 17 56 27 43 15 4 2 14 12 44 11 52 16 50 37 13 39 31 28 5 3 40 32 23 54 8 51 18 41 53 7 24 20 59 58 36 57 60 
LP_Opt:4
Rounding: 5
RLF Integral: 4

1 45 15 7 42 37 50 36 54 8 2 25 46 52 55 21 57 35 24 19 31 29 16 33 32 11 47 43 10 56 51 23 39 6 41 9 49 59 13 18 53 34 3 26 48 22 30 17 44 12 5 58 28 20 27 40 14 4 38 60 
LP_Opt:3
Rounding: 7
RLF Integral: 3

1 5 4 13 37 31 29 25 15 41 3 51 2 42 27 32 35 48 10 34 46 21 57 23 53 18 52 47 33 26 54 39 55 8 49 40 16 22 17 59 6 11 24 45 14 44 38 30 20 12 9 19 50 56 43 28 36 58 7 60 
LP_Opt:3
Rounding: 3
RLF Integral: 3

1 20 26 49 14 7 52 16 41 18 39 34 45 8 29 33 59 25 46 54 37 50 53 28 5 58 48 9 42 35 3 22 10 30 55 6 17 44 32 56 12 57 31 4 27 2 21 38 47 19 51 36 11 23 15 43 40 13 24 60 
LP_Opt:4
Rounding: 6
RLF Integral: 4

1 49 56 24 38 5 47 53 59 26 34 58 33 37 55 30 35 41 31 27 36 17 32 11 3 22 52 39 28 46 19 16 18 21 51 15 23 4 14 44 20 12 29 25 7 43 54 57 10 40 45 8 2 48 13 50 42 6 9 60 
LP_Opt:4
Rounding: 4
RLF Integral: 4

1 54 14 23 21 11 15 55 29 12 47 50 5 59 42 9 51 24 2 19 40 45 44 13 16 39 30 3 52 7 33 20 48 35 38 31 53 46 37 27 34 43 57 49 17 56 26 4 18 32 8 28 6 58 10 36 41 25 22 60 
LP_Opt:3
Rounding: 7
RLF Integral: 4

1 51 49 25 56 9 29 38 58 34 22 7 32 21 18 50 13 33 24 37 39 17 31 43 26 36 35 10 4 11 8 6 23 57 19 55 16 53 20 54 40 44 27 30 48 46 41 15 45 52 59 14 3 12 47 2 42 28 5 60 
LP_Opt:3
Rounding: 3
RLF Integral: 3

1 27 26 38 45 18 55 48 40 19 36 4 58 12 41 54 52 46 49 14 24 10 23 13 51 3 20 30 47 25 5 43 42 16 39 53 15 33 11 29 7 22 32 2 59 8 31 37 50 17 44 35 21 6 34 28 57 56 9 60 
LP_Opt:3
Rounding: 3
RLF Integral: 3

1 32 10 30 59 28 40 4 44 23 48 5 13 26 34 2 16 43 17 53 27 51 46 8 56 41 21 50 38 19 49 33 31 52 37 24 54 15 42 11 9 6 3 58 35 7 18 25 22 39 14 55 29 20 45 57 47 12 36 60 
LP_Opt:3
Rounding: 4
RLF Integral: 3

1 45 17 27 19 29 59 41 25 38 58 9 14 50 7 39 30 44 11 37 46 43 31 54 52 42 33 6 57 40 4 22 13 2 56 12 15 23 35 48 32 36 10 26 21 5 24 49 20 8 28 18 16 34 3 55 47 51 53 60 
LP_Opt:3
Rounding: 3
RLF Integral: 3

1 32 31 7 51 6 57 2 12 29 46 53 38 28 58 33 16 52 41 5 14 54 37 39 9 36 24 20 23 25 30 43 42 8 27 44 19 59 21 40 11 55 13 49 18 34 56 22 50 35 17 3 45 4 47 15 48 10 26 60 
LP_Opt:3
Rounding: 5
RLF Integral: 4

1 16 29 50 39 30 7 9 28 47 22 8 27 21 38 20 11 53 5 52 32 37 46 51 15 55 54 26 57 3 40 48 33 36 41 34 58 23 17 59 31 56 19 2 43 4 24 44 25 18 6 10 14 42 35 49 45 13 12 60 
LP_Opt:3
Rounding: 3
RLF Integral: 3

1 51 33 5 24 31 3 14 36 6 22 41 2 13 56 49 58 21 32 25 59 40 42 34 17 50 11 26 37 29 4 7 53 57 48 9 52 8 15 20 30 19 18 46 44 54 10 23 39 55 47 35 27 38 16 12 43 45 28 60 
LP_Opt:3
Rounding: 5
RLF Integral: 4

1 54 8 3 56 17 55 30 7 49 36 47 59 53 46 33 12 16 45 13 58 25 51 44 10 50 15 22 37 11 29 31 38 28 18 9 40 23 4 21 14 57 48 27 20 19 35 32 43 41 5 52 39 6 26 42 2 24 34 60 
LP_Opt:3
Rounding: 3
RLF Integral: 3

1 25 35 17 27 13 32 5 53 49 6 26 51 16 41 3 48 47 54 12 36 8 57 28 59 58 20 56 22 21 39 46 11 42 4 9 2 29 44 33 24 38 31 14 37 34 19 45 23 7 30 40 43 52 15 50 55 10 18 60 
LP_Opt:3
Rounding: 6
RLF Integral: 4

1 39 37 58 24 40 16 18 27 51 54 28 46 9 43 26 49 38 31 35 41 23 19 32 45 6 59 55 8 21 14 50 17 44 13 22 33 30 47 5 20 42 52 48 3 36 7 53 10 29 15 12 56 2 34 57 11 4 25 60 
LP_Opt:4
Rounding: 6
RLF Integral: 4

1 58 33 14 24 43 28 3 34 54 39 12 42 47 37 44 32 23 40 18 8 11 5 52 25 36 21 55 19 38 59 29 4 16 49 26 31 6 53 48 51 56 41 57 2 9 27 7 50 13 15 35 45 22 17 30 10 46 20 60 
LP_Opt:3
Rounding: 3
RLF Integral: 3

1 51 54 6 55 24 50 52 46 45 12 38 56 49 7 57 20 19 8 37 59 25 30 39 11 31 40 15 36 22 10 13 9 23 5 44 28 16 2 17 47 18 27 14 32 58 3 43 41 26 29 33 53 34 21 42 4 48 35 60 
LP_Opt:3
Rounding: 4
RLF Integral: 3

1 12 22 59 5 42 11 21 32 50 37 43 24 13 23 47 30 56 35 16 3 27 14 20 8 54 31 51 26 52 9 6 53 58 15 18 4 57 38 19 49 44 33 17 2 36 34 40 28 7 46 10 39 29 48 41 55 45 25 60 
LP_Opt:3
Rounding: 3
RLF Integral: 3

1 30 35 48 59 8 12 43 47 3 34 56 4 53 14 31 57 7 27 51 32 13 23 25 49 37 9 44 6 2 18 10 45 21 52 11 22 28 39 36 42 58 15 38 41 50 20 29 17 5 46 55 40 24 54 26 33 16 19 60 
LP_Opt:3
Rounding: 3
RLF Integral: 3

1 10 8 54 59 14 27 44 52 26 50 18 17 58 3 32 42 56 35 29 45 39 7 43 53 16 46 5 19 55 48 20 15 34 36 33 57 23 11 2 41 21 38 6 9 13 40 24 47 4 12 25 49 37 28 22 31 51 30 60 
LP_Opt:4
Rounding: 5
RLF Integral: 4

1 31 40 16 38 2 56 20 28 51 57 21 26 34 4 9 39 15 30 10 12 11 48 19 37 36 50 32 14 27 33 17 45 47 7 52 22 53 25 58 54 29 3 35 46 55 8 18 6 44 23 59 41 43 13 42 49 24 5 60 
LP_Opt:3
Rounding: 3
RLF Integral: 3

1 31 53 33 3 29 45 18 2 8 49 7 58 4 30 52 16 24 20 46 23 26 56 35 22 36 21 12 57 43 51 41 10 14 32 59 42 40 37 13 54 44 48 38 15 17 39 6 11 28 34 27 25 19 50 5 47 9 55 60 
LP_Opt:3
Rounding: 3
RLF Integral: 3

1 5 15 28 41 48 30 13 35 9 12 19 24 7 23 54 39 53 25 55 10 3 6 33 56 11 34 59 58 18 21 45 37 20 14 26 49 4 32 29 2 31 51 8 16 36 42 46 38 22 44 52 17 47 50 57 43 40 27 60 
LP_Opt:3
Rounding: 5
RLF Integral: 3

1 11 43 50 57 54 2 4 21 7 40 59 45 27 44 13 18 31 35 26 9 29 19 28 46 15 53 17 33 49 20 3 10 47 58 41 25 48 51 34 8 5 14 24 32 30 16 38 36 6 56 22 52 39 55 37 12 42 23 60 
LP_Opt:3
Rounding: 4
RLF Integral: 3

1 36 10 22 7 19 11 26 5 12 51 40 47 33 18 21 52 13 43 29 35 58 27 4 8 57 50 31 38 25 55 53 23 46 24 37 14 28 56 30 48 32 34 3 20 44 2 17 41 49 16 54 15 59 6 39 9 45 42 60 
LP_Opt:3
Rounding: 3
RLF Integral: 3

1 37 52 17 58 2 5 49 12 39 27 59 21 36 35 14 6 47 45 51 24 23 4 25 8 55 43 10 38 44 22 40 32 56 42 20 31 33 16 57 3 28 54 18 7 19 15 9 13 48 50 41 11 30 53 29 26 34 46 60 
LP_Opt:3
Rounding: 4
RLF Integral: 4

1 3 24 54 33 35 16 2 26 45 52 40 15 14 31 38 44 13 47 55 12 59 19 5 34 48 43 30 28 7 36 49 21 29 4 53 17 23 20 39 41 8 58 18 6 9 11 56 51 42 25 57 22 50 32 27 37 10 46 60 
LP_Opt:3
Rounding: 6
RLF Integral: 3

1 30 38 47 20 8 58 21 19 39 57 5 50 9 37 43 51 36 26 34 44 55 28 3 42 14 18 45 7 52 15 11 56 32 2 10 12 25 29 31 16 49 54 33 40 46 53 6 59 35 27 17 22 48 24 23 13 4 41 60 
LP_Opt:3
Rounding: 3
RLF Integral: 3

1 58 2 49 8 56 22 31 4 28 38 24 36 44 30 6 29 40 59 10 18 53 33 54 19 9 37 41 52 35 5 27 15 23 3 7 45 43 11 47 42 13 50 14 16 34 51 46 17 26 20 55 12 39 32 48 25 21 57 60 
LP_Opt:3
Rounding: 6
RLF Integral: 3

1 54 45 16 31 28 42 41 39 38 58 19 12 56 15 20 4 36 34 30 6 46 33 7 5 48 25 8 27 35 53 26 17 3 14 55 13 52 37 32 11 50 44 23 29 43 51 40 10 2 18 59 24 47 9 22 21 57 49 60 
LP_Opt:3
Rounding: 3
RLF Integral: 3

1 57 27 2 30 51 23 4 26 39 53 37 9 13 34 40 5 55 14 11 21 46 41 47 59 12 43 22 10 7 20 31 42 16 29 33 3 52 44 17 32 36 8 48 45 28 6 58 49 54 50 35 56 18 25 15 24 19 38 60 
LP_Opt:3
Rounding: 8
RLF Integral: 4

1 37 28 12 17 42 14 50 35 56 16 49 22 53 59 54 38 47 18 45 25 6 29 46 44 36 26 39 55 9 24 32 8 27 4 7 48 33 58 2 34 57 5 3 52 30 40 51 23 15 21 11 43 41 20 31 13 10 19 60 
LP_Opt:3
Rounding: 5
RLF Integral: 4

1 48 17 23 19 2 13 35 5 14 37 20 36 29 42 59 16 4 57 27 56 25 21 10 53 47 39 6 50 55 41 34 26 3 44 54 46 9 45 58 11 15 28 32 8 7 22 51 31 40 52 18 43 30 24 12 38 49 33 60 
LP_Opt:3
Rounding: 4
RLF Integral: 3

1 51 59 29 17 16 53 20 30 10 44 6 42 21 8 55 47 31 41 40 49 46 19 2 43 11 57 18 52 24 58 27 22 12 35 56 7 50 36 54 4 26 3 48 15 23 32 28 13 9 33 5 14 25 45 34 37 39 38 60 
LP_Opt:3
Rounding: 3
RLF Integral: 3

1 19 18 53 57 48 42 13 15 6 52 23 33 37 16 38 35 2 40 32 44 25 22 26 20 51 59 8 46 11 30 24 12 43 41 58 45 28 55 50 39 14 3 31 5 9 49 34 47 17 21 36 27 29 4 7 54 10 56 60 
LP_Opt:3
Rounding: 3
RLF Integral: 3

1 42 11 33 58 3 52 13 9 36 27 54 24 26 15 32 7 20 49 56 23 39 10 22 57 45 44 41 43 5 47 29 40 21 53 51 35 38 4 59 37 16 46 17 14 6 31 55 50 2 19 28 48 30 25 18 34 8 12 60 
LP_Opt:4
Rounding: 4
RLF Integral: 4

LP_opt: 3,4,3,4,3,3,4,3,4,3,4,3,3,4,3,3,3,3,3,3,3,3,4,3,3,4,3,3,3,4,3,4,4,3,4,3,3,3,3,3,4,4,3,3,3,3,4,3,4,3,3,3,3,4,3,3,3,4,4,3,3,3,3,3,4,3,3,4,3,3,3,4,3,3,3,3,3,3,3,3,3,3,4,3,4,3,4,3,3,3,3,3,3,3,3,3,3,3,3,3,3,3,3,4,3,3,3,3,3,4,3,3,4,3,4,3,3,3,3,3,4,3,3,3,4,3,3,3,4,3,4,3,3,3,3,3,3,3,4,3,3,4,3,4,3,3,3,3,3,3,3,4,3,3,3,3,4,3,3,3,4,3,4,4,3,3,4,4,3,3,3,3,3,3,3,3,3,3,4,3,3,3,3,4,3,3,3,3,3,3,3,3,3,3,3,3,3,3,3,4,
Rounding res: 5,5,4,6,3,3,4,6,5,3,8,3,5,6,3,3,3,3,3,3,5,3,4,3,5,4,3,6,3,5,3,7,5,4,4,3,6,3,3,5,5,5,3,3,3,7,5,4,6,5,5,3,6,5,3,3,4,6,6,3,4,5,5,3,6,4,6,5,6,3,3,4,3,3,3,6,3,3,7,4,3,4,4,4,6,4,6,3,3,3,3,3,3,4,8,5,6,3,5,3,3,3,3,6,3,3,5,3,3,5,3,3,4,3,6,3,4,7,3,3,5,3,7,3,5,3,4,3,5,4,5,3,6,4,3,3,5,3,7,4,3,4,3,5,3,4,6,3,3,3,3,5,3,3,3,3,4,3,3,3,4,3,5,5,7,3,6,4,7,3,3,4,3,5,3,5,3,6,6,3,4,3,3,5,3,3,5,4,3,4,6,3,6,3,8,5,4,3,3,4,
Opt:3,4,3,4,3,3,4,3,4,3,4,3,4,4,3,3,3,3,3,3,4,3,4,3,3,4,3,4,3,4,3,4,4,3,4,3,4,3,3,4,4,4,3,3,3,4,4,3,4,3,4,3,3,4,3,3,3,4,4,3,3,3,4,3,4,3,4,4,3,3,3,4,3,3,3,3,3,3,4,3,3,3,4,3,4,3,4,3,3,3,3,3,3,3,3,3,3,3,4,3,3,3,3,4,3,3,4,3,3,4,3,3,4,3,4,3,3,3,3,3,4,3,3,3,4,3,4,3,4,3,4,3,4,4,3,3,4,3,4,3,3,4,3,4,3,3,4,3,3,3,3,4,3,3,3,3,4,3,3,3,4,3,4,4,3,3,4,4,4,3,3,3,3,4,3,4,3,4,4,3,3,3,3,4,3,3,3,3,3,4,3,3,3,3,4,4,3,3,3,4,

Max diff:5
Max factor:2.6666666666666665
Mean diff:0.79
Mean factor:1.2262500000000003

Peacock: 3,5,5,5,7,5,5,5,5,3,5,3,7,5,3,5,5,3,3,5,5,3,5,5,5,5,5,5,5,5,5,5,5,5,5,3,5,3,3,5,5,5,5,3,3,5,5,3,5,3,5,3,5,5,7,3,5,5,5,3,5,5,5,3,5,5,5,5,5,5,5,5,3,5,5,3,5,5,5,5,3,5,5,3,5,5,5,5,5,3,5,3,5,5,5,5,5,5,5,5,5,5,3,5,3,3,5,5,5,5,5,5,5,5,5,3,5,5,5,3,5,5,3,5,5,3,5,3,5,5,5,5,5,5,3,3,5,7,5,5,5,5,5,5,5,5,5,5,5,5,5,5,3,5,3,3,5,7,3,7,5,5,5,7,5,3,5,5,5,5,3,5,5,5,5,5,5,5,5,3,5,5,5,5,5,5,5,5,5,5,5,5,3,5,5,5,5,3,5,5,
Max diff:4
Max factor:2.3333333333333335
Mean diff:1.29
Mean factor:1.3991666666666662

Improved Peacock:
3,5,5,5,3,3,5,3,5,3,5,3,5,5,3,3,3,3,3,3,5,3,5,3,3,5,3,5,3,5,3,5,5,5,5,3,5,3,3,5,5,5,5,3,3,5,5,3,5,3,5,3,5,5,3,3,3,5,5,3,3,3,5,3,5,3,5,5,3,3,3,5,3,3,5,3,3,3,5,3,3,3,5,3,5,3,5,3,3,3,3,3,3,5,5,5,3,3,5,3,3,3,3,5,3,3,5,3,5,5,5,3,5,3,5,3,3,5,3,3,5,3,3,3,5,3,5,3,5,3,5,3,5,5,5,3,5,3,5,3,3,5,3,5,3,5,5,5,5,5,3,5,3,3,3,3,5,3,3,3,5,3,5,5,5,3,5,5,5,3,3,5,3,5,3,5,3,5,5,3,5,3,3,5,3,3,5,5,5,5,5,3,3,3,5,5,3,3,3,5,
Max diff:2
Max factor:1.6666666666666667
Mean diff:0.58
Mean factor:1.1641666666666661

Shortest Path:
4,7,4,6,3,3,5,5,4,7,5,6,6,7,3,6,5,3,6,4,7,3,7,4,5,4,5,5,3,4,5,5,4,4,6,3,5,4,6,5,6,5,4,6,3,5,5,3,4,7,7,5,5,5,6,5,3,5,4,3,6,5,5,3,6,6,4,7,3,3,6,4,3,3,7,3,5,5,7,3,4,3,5,3,6,6,7,4,6,4,7,3,6,3,3,3,4,5,5,3,6,6,5,5,5,3,7,5,4,6,5,6,4,6,6,3,3,5,5,4,5,3,3,5,5,6,7,5,6,4,4,4,7,4,4,5,6,6,5,6,3,5,3,6,6,3,7,5,5,6,3,5,7,4,5,5,6,7,4,3,5,4,4,4,3,3,6,5,5,5,4,4,4,5,6,6,3,5,5,4,4,5,6,5,5,3,6,4,3,5,5,5,7,5,7,5,7,6,4,5,
Max diff:4
Max factor:2.3333333333333335
Mean diff:1.46
Mean factor:1.4462499999999998




