1 12 5 56 2 78 73 7 26 29 23 32 18 43 15 46 84 25 77 82 35 63 42 38 52 24 19 67 3 68 65 80 69 30 16 37 47 61 27 59 8 31 20 45 4 51 75 66 36 50 57 62 76 54 71 14 64 79 13 53 34 72 44 10 49 60 17 11 40 21 9 41 55 33 83 48 74 39 28 6 22 58 70 81 85 
LP_Opt:3
Rounding: 3
RLF Integral: 3

1 41 36 78 30 22 79 51 60 32 6 81 77 10 59 34 4 21 23 19 39 48 69 45 53 16 49 66 24 70 37 50 73 25 38 17 56 20 13 18 29 72 46 63 2 83 68 14 80 61 76 28 27 9 75 55 26 67 7 65 71 54 62 42 47 44 33 8 52 15 31 64 43 84 58 57 11 82 3 5 35 74 40 12 85 
LP_Opt:3
Rounding: 3
RLF Integral: 3

1 68 50 24 55 72 70 4 75 33 64 29 83 23 74 51 36 6 66 48 8 47 63 45 21 16 52 17 7 40 11 67 31 49 28 42 76 9 30 27 62 58 34 78 53 32 22 44 41 37 2 26 77 19 61 3 54 5 15 73 18 46 59 35 60 82 13 65 81 20 25 57 12 79 56 10 84 43 71 69 39 38 80 14 85 
LP_Opt:4
Rounding: 4
RLF Integral: 4

1 68 19 53 57 43 62 29 18 13 51 61 59 46 30 15 69 37 25 10 36 34 50 3 81 77 32 83 52 64 75 65 71 56 79 28 63 45 8 35 42 39 20 67 76 58 84 6 9 21 66 55 60 38 11 48 82 26 44 14 80 54 5 17 12 22 7 73 16 33 70 24 23 31 2 74 40 4 41 78 47 72 27 49 85 
LP_Opt:4
Rounding: 5
RLF Integral: 4

1 69 20 57 80 55 72 3 39 74 51 31 15 11 29 38 59 7 78 68 43 33 49 61 58 77 35 19 9 12 79 53 4 22 82 45 54 36 21 17 27 65 64 13 46 48 71 47 41 75 60 63 14 30 84 40 70 34 16 23 44 8 37 5 67 24 66 52 50 6 62 10 83 76 26 73 32 25 28 81 56 42 2 18 85 
LP_Opt:3
Rounding: 3
RLF Integral: 3

1 77 32 53 48 5 18 37 27 45 73 66 56 29 69 72 71 50 11 9 58 47 51 81 75 2 41 61 59 25 31 26 24 17 76 3 34 16 36 4 42 39 79 19 64 13 21 65 33 40 52 14 22 30 68 78 46 82 57 10 49 80 70 7 74 54 84 20 35 8 43 15 38 62 12 55 6 44 28 67 63 60 23 83 85 
LP_Opt:3
Rounding: 6
RLF Integral: 4

1 70 31 72 28 30 19 76 52 82 59 63 84 40 35 23 34 17 15 51 49 13 48 25 5 66 74 32 22 11 58 8 73 47 55 9 56 45 54 53 33 67 2 26 36 41 71 16 12 50 24 81 44 79 60 57 6 68 43 7 65 78 69 42 80 61 4 10 3 39 20 38 77 83 62 14 37 29 18 27 46 75 21 64 85 
LP_Opt:3
Rounding: 5
RLF Integral: 4

1 70 38 61 59 14 6 42 20 26 22 24 11 46 72 34 28 48 56 30 73 29 37 77 64 76 9 4 40 7 74 52 45 47 41 33 25 13 83 17 84 51 10 36 50 35 18 27 63 65 3 68 31 49 15 66 19 58 12 44 39 79 5 69 60 53 23 21 80 8 67 55 43 62 57 81 75 32 78 2 82 54 71 16 85 
LP_Opt:4
Rounding: 5
RLF Integral: 4

1 58 29 54 61 56 10 40 30 22 33 2 37 83 60 38 74 3 67 20 9 18 4 7 47 62 36 24 39 44 71 14 77 52 78 17 69 5 80 76 12 50 79 75 59 48 8 57 82 72 70 64 23 51 81 16 41 32 6 13 28 43 45 65 73 15 42 63 66 11 26 19 84 35 49 55 25 21 31 46 68 27 53 34 85 
LP_Opt:3
Rounding: 3
RLF Integral: 3

1 13 78 46 82 52 45 22 10 27 71 25 37 6 48 58 81 42 17 59 61 66 50 35 67 19 79 60 65 16 83 72 18 57 73 21 74 44 9 20 2 64 8 23 14 84 29 63 34 76 49 3 11 5 47 39 43 15 32 7 77 62 26 70 31 56 30 69 33 41 4 28 53 75 55 36 40 54 24 51 80 68 38 12 85 
LP_Opt:3
Rounding: 3
RLF Integral: 3

1 75 44 30 2 43 80 7 77 57 60 15 39 37 65 27 56 72 33 17 12 59 40 50 68 29 45 22 38 54 76 70 47 63 8 26 18 24 5 51 69 34 48 62 53 35 61 3 13 81 66 28 19 71 23 25 14 36 55 46 78 6 67 41 52 84 10 31 74 32 11 20 64 58 82 4 49 9 16 79 21 42 83 73 85 
LP_Opt:3
Rounding: 6
RLF Integral: 3

1 17 12 53 4 69 20 54 16 5 63 71 77 24 59 46 49 3 68 10 15 25 34 58 19 13 8 61 44 30 48 42 14 84 39 35 9 18 51 76 78 75 41 27 79 21 31 81 56 32 43 74 67 80 2 26 6 50 73 22 7 52 36 40 70 55 45 29 64 82 11 57 66 38 62 72 60 47 28 37 33 23 65 83 85 
LP_Opt:3
Rounding: 6
RLF Integral: 4

1 58 40 22 30 69 2 32 44 5 60 77 66 36 78 18 33 12 35 13 15 84 68 71 17 38 81 48 39 43 6 55 19 29 57 24 73 47 51 8 41 28 45 70 76 56 26 61 3 64 31 42 75 80 10 49 37 59 53 46 67 25 79 62 83 4 16 27 9 21 74 14 65 7 20 34 11 82 50 23 72 52 63 54 85 
LP_Opt:3
Rounding: 6
RLF Integral: 4

1 81 18 30 42 28 79 11 53 26 74 52 19 39 35 82 66 47 24 32 12 5 25 4 65 16 44 13 29 55 10 45 27 78 56 84 34 77 51 22 57 40 83 37 33 14 23 2 41 75 36 73 61 17 60 15 80 9 68 3 76 6 50 69 72 71 63 70 46 43 64 38 62 67 48 8 59 31 20 54 7 49 21 58 85 
LP_Opt:3
Rounding: 5
RLF Integral: 4

1 82 6 51 3 38 69 30 13 4 83 42 41 29 45 72 26 55 70 33 17 52 47 66 14 61 81 31 57 65 71 16 23 43 10 76 9 18 60 46 78 21 24 74 11 35 59 28 19 67 40 44 20 39 73 22 25 79 32 15 7 27 5 49 63 54 53 36 75 37 50 62 34 80 8 56 84 2 48 64 12 58 68 77 85 
LP_Opt:3
Rounding: 3
RLF Integral: 3

1 62 77 80 41 49 56 25 13 48 69 60 31 43 34 9 20 22 68 30 21 18 78 38 75 44 24 64 59 39 73 5 8 14 45 51 81 36 72 32 4 28 27 42 35 67 52 50 3 71 83 40 17 55 57 65 15 70 66 76 19 74 23 84 46 16 7 12 82 33 47 79 10 58 61 53 63 26 11 29 54 37 6 2 85 
LP_Opt:3
Rounding: 3
RLF Integral: 3

1 55 51 37 61 66 22 26 5 3 24 57 41 32 54 46 18 30 80 48 6 56 82 70 7 60 42 73 71 13 2 10 81 21 78 63 31 59 69 83 76 64 27 77 12 79 19 17 68 20 84 40 52 33 15 43 39 50 47 8 23 35 9 72 11 25 38 34 45 62 14 36 67 44 75 16 74 4 29 49 65 53 58 28 85 
LP_Opt:3
Rounding: 3
RLF Integral: 3

1 80 74 41 45 71 62 22 32 23 68 54 53 15 50 43 18 8 42 52 17 66 70 19 59 76 13 35 28 49 20 82 79 77 39 78 65 26 72 31 25 4 64 73 9 34 67 55 24 57 21 84 81 61 2 69 10 37 47 46 33 56 6 14 63 12 44 60 5 58 11 83 16 30 36 51 7 27 38 48 75 3 29 40 85 
LP_Opt:3
Rounding: 4
RLF Integral: 3

1 37 47 13 49 3 56 9 62 33 51 40 34 29 55 60 17 65 44 35 57 6 39 11 71 42 53 77 58 10 81 18 14 20 84 4 74 68 48 72 83 70 59 30 67 75 26 16 25 76 19 5 64 46 69 12 50 79 28 54 15 21 27 43 31 41 73 24 45 61 22 8 78 2 7 38 52 80 63 66 32 82 23 36 85 
LP_Opt:4
Rounding: 6
RLF Integral: 4

1 26 45 53 20 83 82 33 38 72 3 65 9 34 30 69 39 23 22 63 56 73 27 66 11 7 55 52 50 6 74 61 49 31 28 67 29 54 19 5 25 40 78 24 81 10 62 70 17 2 47 12 35 44 41 21 32 79 4 64 60 51 16 84 57 15 75 77 14 37 46 36 8 43 18 71 76 13 68 48 58 80 59 42 85 
LP_Opt:3
Rounding: 9
RLF Integral: 4

1 65 54 4 3 8 28 10 2 78 66 64 39 22 33 25 37 17 20 63 72 16 12 71 50 84 58 52 5 67 11 21 74 81 9 68 41 56 61 59 73 27 60 53 40 57 44 48 75 14 24 62 42 55 23 36 38 13 6 35 79 32 76 82 29 77 45 34 31 80 7 70 43 30 26 46 18 49 83 69 15 19 51 47 85 
LP_Opt:4
Rounding: 5
RLF Integral: 4

1 24 48 72 70 63 8 75 59 69 52 60 20 33 76 38 19 68 83 58 5 34 55 6 2 67 39 66 10 36 40 14 4 25 13 9 46 31 18 56 30 53 44 84 21 62 51 79 50 29 22 81 17 37 23 15 26 7 74 28 80 54 49 61 42 47 16 43 71 45 11 35 64 78 82 65 3 27 12 41 73 57 77 32 85 
LP_Opt:3
Rounding: 7
RLF Integral: 4

1 3 70 38 25 32 50 63 12 5 11 30 4 24 57 44 43 36 54 9 37 74 20 13 2 53 21 15 71 28 40 35 45 34 72 76 27 66 6 33 67 65 68 83 10 69 62 64 48 7 84 61 58 8 18 22 82 31 73 78 77 41 59 29 79 47 19 81 75 49 17 46 52 80 42 60 51 16 55 23 39 26 56 14 85 
LP_Opt:4
Rounding: 7
RLF Integral: 4

1 9 61 25 30 51 82 70 26 22 72 39 67 37 12 75 32 36 73 63 23 33 53 38 56 13 78 83 46 57 34 66 41 45 14 81 28 40 62 80 55 49 44 7 58 35 59 8 60 77 5 21 69 31 19 16 24 10 79 52 27 20 29 54 43 42 17 48 2 50 74 65 15 3 6 84 18 64 68 47 71 76 4 11 85 
LP_Opt:3
Rounding: 3
RLF Integral: 3

1 4 42 20 32 53 73 18 5 16 78 35 49 11 33 31 25 45 81 14 13 43 70 52 27 64 29 26 44 3 54 17 24 69 7 84 60 15 82 65 38 58 21 30 66 76 19 34 61 56 67 59 9 6 50 80 75 22 72 48 55 51 8 74 79 39 41 63 23 57 36 2 28 83 77 37 71 68 12 10 47 40 46 62 85 
LP_Opt:3
Rounding: 5
RLF Integral: 4

1 27 45 75 37 76 72 16 73 32 56 19 81 40 70 38 23 29 63 69 57 5 31 78 67 80 11 50 18 47 44 59 79 82 51 77 58 9 20 34 24 26 10 13 46 43 17 68 12 7 52 49 55 21 30 15 14 83 6 8 3 33 35 60 39 53 74 84 2 62 61 54 42 22 66 41 48 25 64 4 28 71 65 36 85 
LP_Opt:3
Rounding: 3
RLF Integral: 3

1 52 32 40 33 84 48 17 35 50 38 25 53 67 56 74 70 30 29 72 54 44 59 83 55 42 58 71 49 73 8 65 78 28 45 15 47 23 79 2 18 34 76 14 27 7 21 6 41 46 57 69 22 62 82 31 12 9 61 5 10 77 51 60 80 37 66 43 63 19 36 11 81 64 39 16 24 75 20 68 26 4 13 3 85 
LP_Opt:3
Rounding: 3
RLF Integral: 3

1 20 47 49 81 64 51 79 66 50 67 13 74 37 46 57 9 5 82 60 38 8 72 83 73 32 31 48 29 12 39 52 84 80 41 25 40 3 68 16 61 15 69 63 70 23 62 44 53 58 55 45 28 14 10 7 2 43 77 30 56 34 18 24 75 36 27 19 42 21 78 17 71 11 65 59 76 6 33 22 26 54 4 35 85 
LP_Opt:3
Rounding: 3
RLF Integral: 3

1 48 9 22 30 32 19 78 82 59 11 46 6 61 12 3 68 66 24 42 23 39 38 72 84 29 63 15 41 16 80 79 65 53 10 52 35 31 55 67 8 75 74 34 25 43 28 81 49 58 77 36 69 27 57 14 62 26 18 40 44 17 37 20 73 54 71 83 64 60 4 56 13 45 76 50 7 2 51 5 33 21 70 47 85 
LP_Opt:4
Rounding: 5
RLF Integral: 4

1 33 71 64 37 59 12 28 54 72 83 62 52 63 80 66 75 53 3 47 46 8 42 38 35 79 17 44 48 18 76 6 26 20 29 16 11 77 14 22 39 81 67 13 74 19 30 21 56 43 41 4 45 10 50 55 24 27 34 7 57 32 69 5 60 70 51 73 49 82 40 9 15 78 84 68 58 25 61 31 23 36 65 2 85 
LP_Opt:3
Rounding: 3
RLF Integral: 3

1 83 74 31 47 19 78 44 39 3 22 46 66 54 43 68 13 17 24 64 50 30 7 16 10 26 81 40 62 49 63 75 41 69 36 29 73 15 56 65 8 77 35 33 23 79 2 61 42 52 12 25 84 37 48 11 38 80 6 21 4 32 14 57 60 76 53 72 58 5 71 9 45 82 20 59 34 70 27 55 51 67 28 18 85 
LP_Opt:3
Rounding: 3
RLF Integral: 3

1 84 10 57 75 29 26 69 9 18 50 80 49 15 68 22 48 74 20 53 65 27 42 21 32 46 73 25 7 82 77 55 45 39 38 59 33 37 58 31 28 66 44 24 3 63 34 76 36 71 43 60 54 13 83 4 41 17 23 35 40 70 81 30 64 16 12 72 61 6 52 5 8 62 11 47 79 78 51 19 14 67 56 2 85 
LP_Opt:3
Rounding: 3
RLF Integral: 3

1 17 65 77 27 52 48 67 66 47 50 39 6 12 40 21 2 14 25 81 74 82 43 5 10 64 61 24 33 9 16 18 79 68 38 58 22 19 31 53 11 83 55 51 13 62 3 57 44 7 42 26 4 46 45 30 69 29 54 36 80 72 34 84 70 75 32 20 59 28 78 35 41 56 37 60 15 8 23 76 49 63 71 73 85 
LP_Opt:3
Rounding: 6
RLF Integral: 3

1 21 27 6 72 50 76 67 39 83 36 51 19 62 49 20 80 61 3 68 78 84 46 40 43 77 35 16 63 17 74 81 14 12 58 73 57 48 69 7 59 52 75 79 8 13 70 60 37 55 45 5 34 71 25 9 30 65 4 28 31 42 54 23 56 18 66 24 38 11 22 15 29 2 32 82 33 53 41 26 44 10 64 47 85 
LP_Opt:3
Rounding: 7
RLF Integral: 4

1 31 53 26 18 25 43 10 9 23 4 11 39 5 61 54 60 30 83 64 19 35 48 80 13 44 32 84 42 3 50 77 34 36 20 7 59 2 70 15 8 75 82 29 58 45 55 72 14 38 16 52 67 73 12 66 46 33 74 63 79 27 65 21 69 68 41 49 78 22 51 28 37 76 71 47 17 81 6 24 56 62 40 57 85 
LP_Opt:3
Rounding: 3
RLF Integral: 3

1 68 10 6 18 53 77 2 67 34 66 63 5 83 69 75 60 13 36 12 4 8 78 74 82 81 11 19 54 35 29 32 3 65 49 59 7 33 41 55 47 28 39 24 51 20 23 52 15 45 30 14 72 76 64 17 58 16 73 61 42 50 31 79 9 80 26 25 62 57 48 40 71 56 22 37 44 84 27 38 43 46 21 70 85 
LP_Opt:3
Rounding: 3
RLF Integral: 3

1 41 24 42 13 61 66 45 57 35 40 6 64 9 16 5 20 59 74 70 72 38 47 56 73 31 54 4 30 34 75 8 26 84 65 49 15 18 33 83 43 58 77 80 19 36 17 50 44 53 39 60 68 3 11 25 29 7 27 2 78 23 12 69 62 51 71 32 52 79 55 28 67 46 63 76 48 14 21 10 82 22 81 37 85 
LP_Opt:4
Rounding: 7
RLF Integral: 4

1 9 18 63 71 51 39 36 69 77 11 57 50 38 23 6 47 42 31 28 54 4 8 17 33 78 12 19 45 24 14 79 73 64 72 35 27 55 20 16 15 60 37 43 61 26 70 76 74 49 62 5 81 30 59 25 82 67 34 13 29 41 68 21 48 22 84 80 46 75 44 3 7 58 66 32 53 52 83 40 65 56 2 10 85 
LP_Opt:3
Rounding: 3
RLF Integral: 3

1 19 65 13 23 58 62 77 2 29 24 43 83 26 56 49 48 9 74 39 17 27 37 8 21 82 28 55 72 38 34 22 53 66 61 52 81 35 46 57 25 59 54 16 45 79 11 20 60 71 14 70 73 30 36 4 42 40 32 84 51 75 12 63 6 18 15 10 76 80 33 44 50 5 41 31 7 64 78 69 47 3 68 67 85 
LP_Opt:3
Rounding: 3
RLF Integral: 3

1 22 76 45 65 75 6 64 84 43 28 5 37 4 60 50 20 19 9 66 63 42 14 51 74 49 21 58 72 30 7 38 34 13 36 18 26 11 23 27 33 24 71 81 32 68 62 73 29 2 12 53 47 70 61 52 79 17 10 59 41 56 77 40 16 39 82 69 78 8 55 15 3 80 46 57 67 44 54 31 35 83 48 25 85 
LP_Opt:3
Rounding: 3
RLF Integral: 3

1 24 50 19 53 82 46 77 11 49 47 29 31 60 8 26 72 32 63 41 36 70 28 79 14 62 71 15 25 20 39 10 6 58 57 78 42 27 74 7 5 17 30 43 59 21 16 22 13 23 55 84 66 12 56 69 65 64 18 67 51 73 44 48 45 4 76 37 81 80 9 61 52 75 34 38 33 83 68 3 35 40 54 2 85 
LP_Opt:3
Rounding: 3
RLF Integral: 3

1 3 43 79 41 45 68 44 76 20 73 38 34 7 71 16 72 74 46 4 42 78 57 9 55 8 17 15 69 67 25 35 14 32 47 23 36 75 19 10 51 54 49 82 66 53 56 12 58 62 60 6 28 70 24 83 11 29 59 27 61 2 52 64 13 31 80 77 48 33 18 26 81 65 84 5 50 30 21 63 37 39 22 40 85 
LP_Opt:3
Rounding: 3
RLF Integral: 3

1 22 34 57 63 61 68 39 84 36 58 6 24 15 18 11 54 83 40 74 47 14 56 60 41 17 71 48 77 31 30 33 9 67 69 3 21 10 25 53 29 43 13 26 8 78 81 59 65 28 32 49 80 82 73 44 23 12 50 5 45 76 51 35 62 52 70 42 64 72 46 27 4 75 16 2 20 55 38 7 19 37 79 66 85 
LP_Opt:3
Rounding: 3
RLF Integral: 3

1 20 84 68 15 39 30 59 61 5 44 72 60 62 53 70 22 42 79 34 58 4 49 19 35 75 26 33 67 71 7 76 40 36 55 54 47 82 38 32 74 64 51 43 10 3 25 52 16 66 77 13 69 57 80 78 81 2 37 48 9 24 14 45 6 46 21 12 31 17 23 18 27 73 65 50 11 63 83 56 41 29 8 28 85 
LP_Opt:3
Rounding: 3
RLF Integral: 3

1 71 9 59 76 74 16 5 37 62 39 81 15 54 4 7 22 72 33 14 21 44 48 41 61 32 36 69 19 50 31 51 70 35 47 38 77 66 25 82 68 26 63 6 83 3 84 65 11 29 78 49 20 52 18 80 55 42 45 13 28 27 40 58 73 57 23 12 34 30 17 24 75 60 8 10 67 2 46 79 53 56 43 64 85 
LP_Opt:4
Rounding: 6
RLF Integral: 4

1 67 57 42 70 11 39 29 4 27 38 80 68 84 74 33 23 6 46 10 83 31 34 62 8 36 56 43 40 48 30 5 41 79 60 20 71 12 51 16 61 19 9 49 44 63 69 64 50 24 55 54 45 26 7 21 82 72 25 15 2 81 53 13 47 77 37 28 35 17 59 14 3 32 18 75 66 22 76 52 73 78 58 65 85 
LP_Opt:3
Rounding: 4
RLF Integral: 3

1 82 72 74 12 32 77 14 56 76 71 11 49 62 84 55 26 25 5 22 58 70 20 6 67 4 31 45 15 64 8 27 13 73 28 63 19 47 35 52 33 78 10 59 80 38 23 75 54 37 81 18 66 24 29 16 68 39 44 48 3 61 60 34 41 7 2 50 36 83 17 40 69 30 43 57 21 51 42 79 9 65 53 46 85 
LP_Opt:4
Rounding: 5
RLF Integral: 4

1 71 83 31 45 49 61 10 66 18 23 4 54 75 48 78 14 35 33 47 24 36 46 82 84 13 37 52 79 72 44 17 69 65 67 56 34 70 64 81 59 20 55 2 53 43 74 8 25 50 26 28 6 39 41 16 9 40 7 80 73 38 77 27 60 30 12 58 19 62 15 63 68 57 51 29 21 32 76 42 11 5 3 22 85 
LP_Opt:3
Rounding: 4
RLF Integral: 3

1 70 25 19 8 27 47 12 39 59 71 13 45 11 32 63 2 46 80 74 44 65 50 62 68 82 78 15 53 41 31 24 77 69 21 57 29 5 84 28 10 75 72 49 51 16 83 37 40 81 56 9 17 79 73 64 14 35 54 18 67 43 76 61 34 52 66 4 58 20 23 26 36 60 30 7 33 42 6 3 22 55 38 48 85 
LP_Opt:4
Rounding: 4
RLF Integral: 4

1 77 81 29 33 39 24 56 19 69 34 78 7 54 63 48 41 66 31 12 61 5 4 38 3 84 40 9 25 65 46 71 13 83 11 55 15 10 6 18 72 2 45 30 64 74 17 28 53 67 36 76 16 8 35 79 70 75 44 52 82 21 49 37 27 80 60 22 62 42 73 26 58 14 57 51 32 59 23 47 43 20 50 68 85 
LP_Opt:4
Rounding: 5
RLF Integral: 4

1 37 58 42 15 6 76 83 17 20 80 39 5 40 24 2 23 74 31 36 16 46 41 67 44 29 63 35 60 49 4 34 3 48 28 50 66 59 32 79 52 14 54 18 56 73 65 55 61 7 11 13 12 27 72 69 30 21 38 82 68 70 62 84 45 43 51 75 19 57 47 53 22 78 26 8 64 10 9 25 33 77 81 71 85 
LP_Opt:3
Rounding: 3
RLF Integral: 3

1 81 23 54 45 7 34 76 63 53 33 70 60 42 27 3 35 30 40 4 84 8 36 65 10 77 61 13 25 29 15 2 9 44 57 56 26 79 28 18 24 5 59 19 6 22 12 66 49 78 58 48 68 14 20 32 52 47 51 62 16 80 82 69 73 31 21 17 11 72 83 43 75 46 74 41 39 71 38 67 64 55 50 37 85 
LP_Opt:4
Rounding: 4
RLF Integral: 4

1 63 68 84 11 38 71 39 19 17 5 61 30 53 35 37 31 16 73 23 78 67 66 13 56 41 76 62 47 27 42 34 12 25 51 24 83 48 46 40 36 50 74 20 4 60 26 32 72 10 2 75 80 28 33 18 43 52 29 15 57 70 55 81 22 79 54 44 59 7 82 77 45 8 21 3 49 6 58 14 69 65 64 9 85 
LP_Opt:3
Rounding: 4
RLF Integral: 3

1 40 60 58 55 24 50 41 21 18 25 3 56 29 48 37 22 82 53 33 20 35 74 14 30 73 69 2 61 54 59 57 44 62 45 49 32 15 42 63 51 4 84 27 72 5 83 68 8 31 19 65 9 76 79 75 38 13 16 80 43 47 81 7 12 36 78 52 64 17 11 77 28 6 46 39 67 66 10 34 23 71 26 70 85 
LP_Opt:4
Rounding: 8
RLF Integral: 4

1 48 74 43 58 3 26 17 53 10 24 34 11 39 19 69 57 50 67 51 79 28 45 7 5 41 13 15 22 46 35 56 65 84 21 6 29 44 60 23 70 2 55 81 16 71 9 49 36 12 78 20 42 80 73 68 77 37 64 61 40 14 66 31 38 82 59 62 4 27 33 76 8 75 72 83 25 54 52 32 63 30 18 47 85 
LP_Opt:4
Rounding: 6
RLF Integral: 4

1 59 25 6 47 45 2 34 83 4 76 31 9 49 39 22 62 60 12 18 37 15 72 17 57 84 24 23 63 79 13 48 33 43 69 80 53 50 14 41 46 71 30 38 36 7 56 55 10 8 35 64 44 74 42 3 27 52 11 21 66 81 78 67 20 28 16 77 82 65 40 26 29 68 51 19 75 54 70 32 73 61 5 58 85 
LP_Opt:3
Rounding: 3
RLF Integral: 3

1 42 38 22 76 73 46 49 66 24 30 47 70 26 64 51 23 84 20 68 17 67 54 44 14 40 77 82 35 9 29 5 83 34 71 39 12 6 75 8 25 56 43 72 13 3 32 60 37 41 65 69 53 59 18 2 79 36 48 10 52 63 61 11 50 45 78 81 80 55 15 4 19 57 31 33 7 28 27 58 62 16 74 21 85 
LP_Opt:4
Rounding: 6
RLF Integral: 4

1 49 83 26 38 70 12 68 34 60 2 9 57 15 54 28 76 43 59 72 14 81 36 39 16 40 73 17 69 24 62 71 29 33 56 20 37 77 45 21 8 31 41 51 65 48 10 55 32 46 18 79 63 47 82 66 64 22 53 6 3 7 78 50 30 13 23 35 75 25 52 61 11 44 84 80 5 19 74 58 42 67 27 4 85 
LP_Opt:3
Rounding: 4
RLF Integral: 3

1 41 71 48 84 81 66 54 45 12 24 52 23 4 70 34 61 42 5 53 59 76 63 58 39 3 21 46 31 67 29 36 9 6 56 13 83 15 60 40 25 50 28 82 30 2 32 14 77 8 43 19 55 64 22 7 44 51 78 16 11 72 62 49 69 26 75 65 80 74 47 10 73 20 17 38 27 68 35 33 37 18 79 57 85 
LP_Opt:4
Rounding: 5
RLF Integral: 4

1 13 36 34 50 47 14 42 71 12 72 83 4 16 67 60 65 44 18 40 49 5 45 76 58 37 32 77 24 68 11 52 79 26 21 46 80 63 35 22 84 10 39 2 59 3 55 53 28 48 8 33 62 38 51 29 7 15 17 78 57 31 54 27 74 30 20 75 66 19 43 82 6 69 73 23 25 56 70 9 81 41 64 61 85 
LP_Opt:3
Rounding: 3
RLF Integral: 3

LP_opt: 3,3,4,4,3,3,3,4,3,3,3,3,3,3,3,3,3,3,4,3,4,3,4,3,3,3,3,3,4,3,3,3,3,3,3,3,4,3,3,3,3,3,3,3,4,3,4,3,4,4,3,4,3,4,4,3,4,3,4,3,
Rounding res: 3,3,4,5,3,6,5,5,3,3,6,6,6,5,3,3,3,4,6,9,5,7,7,3,5,3,3,3,5,3,3,3,6,7,3,3,7,3,3,3,3,3,3,3,6,4,5,4,4,5,3,4,4,8,6,3,6,4,5,3,
Opt: 3,3,4,4,3,4,4,4,3,3,3,4,4,4,3,3,3,3,4,4,4,4,4,3,4,3,3,3,4,3,3,3,3,4,3,3,4,3,3,3,3,3,3,3,4,3,4,3,4,4,3,4,3,4,4,3,4,3,4,3,

Max diff:5
Max factor:2.25
Mean diff:0.9333333333333333
Mean factor:1.248611111111111

Peacock: 
5,3,5,5,5,5,7,5,5,3,7,5,5,5,3,3,5,5,5,5,5,5,5,3,5,7,3,5,7,3,3,3,5,7,5,5,5,5,5,5,3,5,5,5,5,5,5,5,5,5,5,5,5,5,5,5,5,3,5,5,
Max diff:4
Max factor:2.3333333333333335
Mean diff:1.3666666666666667
Mean factor:1.4111111111111112

Improved Peacock:
5,3,5,5,3,5,5,5,3,3,5,5,5,5,3,3,3,3,5,5,5,5,5,3,5,5,3,3,5,3,3,3,5,5,3,3,5,3,3,3,3,3,5,3,5,3,5,3,5,5,5,5,3,5,5,3,5,3,5,5,
Max diff:2
Max factor:1.6666666666666667
Mean diff:0.6666666666666666
Mean factor:1.1861111111111111

Shortest Path:
4,5,7,6,3,5,7,6,6,3,6,5,8,5,4,3,6,3,4,5,7,6,5,3,6,5,3,5,6,3,6,3,6,5,5,4,5,3,4,5,3,5,6,5,6,7,5,3,4,5,6,6,6,5,6,4,8,3,5,7,
Max diff:4
Max factor:2.3333333333333335
Mean diff:1.5833333333333333
Mean factor:1.4666666666666661




