1 51 56 38 29 65 59 41 25 72 10 62 37 75 64 17 5 9 3 8 19 77 34 40 67 39 33 45 44 42 20 74 73 18 71 55 27 22 43 48 63 50 21 47 52 28 2 6 68 78 31 57 36 15 23 26 12 69 7 30 13 61 58 14 54 16 60 49 66 24 4 76 35 53 46 11 32 79 70 80 
LP_Opt:3
Rounding: 3
RLF Integral: 3

1 21 28 16 20 57 9 65 78 49 2 63 55 53 37 5 7 70 14 39 54 75 6 47 4 17 3 19 45 12 30 77 29 69 22 60 44 48 58 66 32 25 71 56 11 35 15 61 34 67 31 79 41 18 73 26 74 46 51 50 68 10 52 38 64 36 23 27 8 33 13 40 72 43 59 76 42 24 62 80 
LP_Opt:3
Rounding: 9
RLF Integral: 3

1 75 41 77 31 60 46 54 13 29 72 53 51 4 12 49 48 70 22 19 9 63 39 15 71 16 50 36 28 17 40 20 8 65 14 37 35 45 64 24 5 52 68 6 73 42 74 69 66 43 78 7 58 33 62 21 38 27 23 79 11 2 57 34 3 47 59 25 44 56 26 55 10 18 76 32 61 67 30 80 
LP_Opt:4
Rounding: 5
RLF Integral: 4

1 5 36 8 76 70 53 64 16 57 43 33 65 31 21 17 42 40 14 2 7 23 73 75 45 34 62 30 58 10 19 44 18 52 49 66 41 71 12 15 59 11 27 67 63 9 25 61 4 78 38 72 24 29 48 20 79 50 46 26 39 69 13 37 60 35 68 51 22 56 55 54 3 6 77 74 32 47 28 80 
LP_Opt:3
Rounding: 7
RLF Integral: 4

1 41 47 68 35 5 60 20 14 50 31 48 58 37 29 36 33 13 18 42 53 79 30 3 10 51 24 54 22 73 75 9 39 63 67 27 32 69 77 17 21 40 66 52 2 64 44 38 11 62 6 61 78 8 7 4 57 71 46 72 19 16 28 59 12 70 49 15 55 76 25 34 56 45 43 23 74 26 65 80 
LP_Opt:3
Rounding: 3
RLF Integral: 3

1 7 12 29 32 71 31 34 58 63 50 79 27 22 35 21 10 72 5 15 56 52 9 51 4 28 23 54 3 78 60 33 64 57 48 40 42 77 53 61 45 14 62 69 46 20 47 24 43 75 8 13 65 67 66 30 26 49 41 36 18 55 37 11 44 74 73 16 6 17 59 68 70 76 19 25 38 2 39 80 
LP_Opt:3
Rounding: 3
RLF Integral: 3

1 3 5 27 56 42 72 61 51 37 11 46 65 28 44 69 20 64 66 15 14 49 52 18 29 24 54 13 60 43 34 12 25 40 57 21 30 50 67 19 17 10 9 23 22 4 63 31 78 48 55 77 45 75 2 8 38 58 39 36 35 71 59 53 74 62 73 6 68 26 16 32 41 79 33 47 76 70 7 80 
LP_Opt:3
Rounding: 6
RLF Integral: 3

1 21 43 64 5 63 44 76 46 37 42 49 12 69 57 55 75 15 13 2 30 68 54 7 77 34 8 33 56 35 20 36 31 16 19 66 18 6 28 73 45 14 24 47 53 39 11 41 79 60 10 17 22 74 25 29 51 61 72 40 50 38 4 78 9 71 65 48 70 32 67 27 59 62 26 58 23 52 3 80 
LP_Opt:3
Rounding: 3
RLF Integral: 3

1 75 51 33 22 41 23 17 71 56 65 53 24 54 63 2 38 12 21 36 73 3 76 67 72 25 50 15 40 52 37 57 77 27 61 64 42 14 58 39 20 59 46 45 55 43 47 31 9 68 32 6 19 49 34 44 4 7 28 30 69 18 5 66 11 62 29 60 70 10 79 13 26 78 16 35 74 8 48 80 
LP_Opt:3
Rounding: 3
RLF Integral: 3

1 42 67 27 22 11 72 57 26 76 38 47 19 4 46 48 62 5 24 64 31 25 17 55 21 35 43 8 29 32 73 41 2 28 54 68 63 75 60 77 61 37 69 65 14 9 70 78 71 13 15 36 6 52 56 30 7 59 18 58 33 51 39 10 12 74 53 79 49 44 20 40 45 3 16 34 66 23 50 80 
LP_Opt:3
Rounding: 3
RLF Integral: 3

1 3 21 62 79 55 45 73 71 24 19 63 7 27 48 26 5 23 67 8 34 33 44 38 56 43 72 14 29 40 64 6 49 39 68 9 78 57 2 35 60 10 53 50 17 61 20 18 59 31 12 75 13 52 46 41 51 66 58 42 76 32 30 15 70 28 74 16 47 25 22 54 69 11 36 4 77 65 37 80 
LP_Opt:3
Rounding: 3
RLF Integral: 3

1 11 70 79 51 5 19 78 57 43 72 32 45 47 25 63 74 7 6 56 76 18 58 53 37 28 16 15 44 30 40 71 35 17 27 49 34 12 54 52 23 8 10 67 59 42 31 39 73 9 68 65 20 26 41 77 50 38 22 2 60 75 21 36 3 33 62 14 13 4 64 66 69 29 24 55 48 61 46 80 
LP_Opt:3
Rounding: 3
RLF Integral: 3

1 26 72 54 20 10 40 64 39 52 14 63 61 56 4 16 74 65 45 42 76 68 71 78 70 7 66 38 17 58 57 51 46 37 21 15 30 59 34 44 29 50 22 60 47 13 67 12 6 36 77 18 73 62 49 23 35 48 19 33 32 55 75 27 2 43 41 5 9 69 11 25 24 8 28 53 79 31 3 80 
LP_Opt:3
Rounding: 3
RLF Integral: 3

1 43 35 15 40 3 45 39 48 18 65 9 22 71 19 13 68 21 24 67 16 5 32 49 38 52 28 30 74 60 41 17 31 46 44 72 6 11 56 58 27 36 47 66 8 23 62 42 69 20 63 78 12 4 79 10 2 73 54 25 53 29 77 61 50 75 26 64 55 14 59 76 51 34 70 57 33 37 7 80 
LP_Opt:4
Rounding: 7
RLF Integral: 4

1 7 20 13 44 66 15 70 78 42 46 19 60 41 30 65 75 52 48 14 37 59 36 26 76 11 73 45 49 5 34 4 61 31 23 79 24 28 68 27 53 29 32 55 6 3 39 38 47 77 64 9 2 16 12 10 21 35 25 8 18 74 51 71 33 62 17 63 57 50 40 56 43 22 72 54 69 58 67 80 
LP_Opt:4
Rounding: 5
RLF Integral: 4

1 35 44 10 21 51 77 15 25 12 48 54 37 73 22 9 58 20 23 4 67 79 56 33 32 17 47 69 55 52 39 27 68 14 42 28 34 19 75 64 74 61 26 78 70 76 38 62 6 8 50 65 5 31 49 18 72 36 29 11 13 59 24 53 41 43 16 3 30 60 63 40 2 7 71 46 66 57 45 80 
LP_Opt:3
Rounding: 3
RLF Integral: 3

1 65 15 3 66 17 27 5 48 11 50 14 22 10 70 38 26 7 36 72 28 79 8 56 59 55 53 68 61 20 69 41 23 45 31 75 46 13 60 78 43 64 73 32 35 52 51 76 39 24 77 58 34 67 37 40 74 4 25 9 12 19 63 71 49 29 18 21 33 57 47 54 62 42 16 2 44 6 30 80 
LP_Opt:4
Rounding: 6
RLF Integral: 4

1 73 46 15 67 4 53 61 10 6 62 2 18 51 22 33 75 42 70 28 17 49 8 66 11 44 58 45 31 79 78 71 14 20 72 24 23 41 69 60 3 40 12 32 13 29 47 27 21 16 48 65 30 55 68 74 76 34 54 39 37 19 35 77 52 26 64 56 38 9 36 5 43 7 57 25 63 50 59 80 
LP_Opt:4
Rounding: 5
RLF Integral: 4

1 22 21 65 44 8 69 51 33 38 13 55 74 60 47 54 37 9 63 70 78 53 46 6 59 67 17 5 71 20 64 19 79 39 16 36 34 12 14 52 76 23 61 31 26 15 72 66 41 28 40 7 57 42 56 25 77 24 50 29 4 58 11 43 32 30 2 73 49 45 68 3 27 48 35 75 10 18 62 80 
LP_Opt:3
Rounding: 3
RLF Integral: 3

1 75 11 76 59 17 77 58 70 56 16 42 36 55 35 9 12 72 46 60 78 63 26 79 73 67 13 10 43 39 38 51 30 3 49 44 25 48 19 29 20 52 21 53 23 69 41 31 14 62 65 24 33 57 45 66 7 34 47 28 50 61 2 6 40 74 32 8 64 4 27 15 18 5 54 71 68 37 22 80 
LP_Opt:3
Rounding: 3
RLF Integral: 3

1 57 12 18 58 53 34 68 14 6 40 3 49 46 55 65 13 69 54 51 60 4 43 76 27 47 5 39 19 78 2 20 56 32 23 9 11 29 50 74 73 41 25 70 15 75 7 36 33 45 21 63 37 66 52 8 31 38 59 77 44 28 79 48 26 16 30 61 24 72 67 62 42 71 17 10 64 22 35 80 
LP_Opt:3
Rounding: 7
RLF Integral: 3

1 27 24 11 44 14 66 77 53 29 7 22 13 63 75 71 30 8 43 78 67 57 12 9 60 41 40 69 10 74 26 42 61 55 68 73 62 34 3 54 33 5 28 38 64 6 19 16 4 25 70 65 51 47 15 37 17 49 72 58 32 56 46 76 45 36 50 18 59 35 31 20 79 52 23 2 48 21 39 80 
LP_Opt:3
Rounding: 3
RLF Integral: 3

1 44 30 50 10 79 49 3 13 34 61 15 67 63 19 64 60 27 14 66 59 22 16 35 68 26 8 55 36 6 24 56 54 42 69 52 31 43 73 40 48 25 46 12 18 28 78 37 11 72 4 32 41 7 39 74 5 9 62 71 58 77 57 76 21 53 65 47 70 23 33 75 38 45 2 51 20 29 17 80 
LP_Opt:4
Rounding: 5
RLF Integral: 4

1 15 65 68 61 79 25 18 5 23 30 66 42 26 3 54 57 41 27 59 39 32 47 35 44 74 24 36 33 70 63 37 8 55 16 31 60 48 13 10 72 58 43 73 49 64 21 77 12 69 11 51 14 17 56 71 67 6 46 28 34 53 4 62 20 50 78 52 2 38 29 40 22 76 75 9 45 7 19 80 
LP_Opt:3
Rounding: 6
RLF Integral: 4

1 38 22 27 47 66 26 44 59 53 72 74 64 55 71 75 13 41 11 25 14 77 24 8 39 34 46 4 3 18 35 48 9 33 20 58 50 42 65 61 28 5 36 68 57 69 23 16 49 37 12 70 51 63 67 7 76 45 30 79 6 17 2 52 15 60 31 62 73 43 21 56 19 78 54 29 32 10 40 80 
LP_Opt:3
Rounding: 3
RLF Integral: 3

1 18 60 68 53 59 50 64 72 76 73 78 25 42 35 32 70 75 63 67 62 13 47 36 4 11 79 52 61 10 7 28 66 34 37 69 22 9 49 41 55 54 6 38 8 14 20 40 30 29 17 5 26 24 23 16 51 77 39 74 27 3 15 57 21 71 19 45 33 65 58 56 12 2 48 44 46 31 43 80 
LP_Opt:4
Rounding: 5
RLF Integral: 4

1 8 35 76 18 63 25 27 52 51 53 21 23 68 29 56 44 64 74 37 33 39 46 75 2 6 65 73 5 42 13 70 41 9 26 66 62 19 58 10 12 72 54 48 15 22 59 36 34 60 24 38 79 47 7 61 11 43 30 67 40 17 77 20 78 32 14 50 57 3 45 69 31 49 55 71 16 4 28 80 
LP_Opt:3
Rounding: 4
RLF Integral: 3

1 35 50 55 78 12 40 63 34 10 57 2 64 3 74 6 14 7 5 47 59 22 30 79 72 70 4 46 45 8 20 13 43 11 67 76 31 29 37 39 33 60 49 62 25 23 32 38 69 16 73 24 71 18 51 41 21 66 42 68 75 15 52 36 61 9 56 27 19 44 26 58 17 28 77 54 53 48 65 80 
LP_Opt:3
Rounding: 3
RLF Integral: 3

1 66 18 53 10 36 41 4 15 47 9 12 76 7 28 49 16 13 51 21 25 63 69 19 54 79 40 14 32 70 37 34 38 3 72 50 23 35 68 65 58 57 55 33 27 5 56 78 64 48 74 30 67 42 6 52 24 17 2 29 45 31 46 11 43 20 26 8 71 62 61 44 59 39 73 75 22 60 77 80 
LP_Opt:3
Rounding: 3
RLF Integral: 3

1 32 67 9 60 19 57 22 49 79 56 14 29 48 71 13 10 40 75 45 58 54 27 39 72 24 33 47 31 26 7 51 5 3 43 76 17 28 12 23 16 42 2 63 77 65 62 6 66 53 78 35 64 74 73 46 18 25 61 69 8 44 55 68 30 20 4 11 36 70 52 37 34 15 50 21 38 59 41 80 
LP_Opt:3
Rounding: 6
RLF Integral: 4

1 59 46 32 69 12 51 28 14 26 63 15 50 39 64 16 18 31 24 10 7 68 79 20 19 37 57 61 54 25 58 67 5 8 21 11 41 17 9 40 13 47 36 70 4 2 29 53 56 74 3 77 72 27 45 44 76 78 23 55 73 34 49 48 65 75 35 62 22 60 66 33 42 52 38 6 30 43 71 80 
LP_Opt:3
Rounding: 6
RLF Integral: 3

1 65 72 76 7 60 79 40 68 37 47 16 75 54 3 71 28 31 20 29 24 6 59 8 4 45 52 13 49 56 27 57 63 10 50 61 48 34 5 53 74 78 55 70 42 66 12 62 14 58 67 73 2 23 69 41 15 77 64 21 44 17 35 46 26 33 32 43 25 22 38 19 9 39 51 36 18 30 11 80 
LP_Opt:3
Rounding: 7
RLF Integral: 4

1 41 36 39 14 34 75 61 13 57 59 21 70 66 8 64 15 63 23 71 58 77 3 16 74 43 56 6 38 28 9 49 68 50 35 73 19 31 24 53 44 78 27 52 62 18 2 4 25 72 45 79 37 5 11 76 12 7 67 17 69 65 20 47 51 46 30 54 42 29 60 48 33 32 10 22 26 40 55 80 
LP_Opt:3
Rounding: 5
RLF Integral: 3

1 30 67 53 8 72 48 10 6 63 59 43 38 34 61 74 52 22 2 9 44 5 16 3 69 14 25 18 12 70 37 56 41 27 58 55 76 79 13 15 49 36 40 51 46 33 42 64 32 50 75 23 65 7 45 78 19 54 62 47 77 71 17 35 39 60 4 21 20 29 31 68 11 66 24 28 57 26 73 80 
LP_Opt:3
Rounding: 6
RLF Integral: 4

1 42 12 45 52 20 36 54 37 18 47 28 31 68 25 57 39 77 79 51 67 2 14 38 33 58 78 29 74 64 16 8 59 34 30 9 56 3 69 26 50 75 44 60 4 10 66 13 61 40 72 63 48 71 65 24 19 62 73 35 21 6 41 17 55 7 76 27 11 15 32 43 70 46 23 53 49 22 5 80 
LP_Opt:3
Rounding: 8
RLF Integral: 3

1 33 24 22 29 66 73 56 9 65 37 35 4 18 13 77 2 20 6 14 70 10 40 16 63 75 26 5 79 71 64 58 69 54 76 47 51 44 27 61 45 23 7 15 50 60 59 38 17 78 57 31 46 39 30 11 41 74 3 48 8 32 42 52 43 72 55 25 67 62 12 28 68 36 19 49 53 21 34 80 
LP_Opt:3
Rounding: 3
RLF Integral: 3

1 57 55 53 71 41 78 10 6 31 72 52 7 24 47 8 39 77 54 70 58 44 79 73 23 25 61 2 30 19 5 15 43 50 37 67 66 27 42 56 49 68 14 9 75 40 22 48 51 32 45 59 36 60 34 20 29 65 63 18 21 38 64 62 13 11 16 26 28 76 35 17 4 46 69 74 33 12 3 80 
LP_Opt:3
Rounding: 3
RLF Integral: 3

1 34 72 66 71 54 68 65 53 67 18 70 45 69 14 7 39 3 63 30 9 17 10 58 73 20 42 55 36 15 57 79 4 19 21 38 41 28 48 47 26 50 12 78 8 59 52 25 37 77 51 32 44 40 61 60 56 5 29 76 43 24 6 75 74 31 49 33 64 2 11 22 16 23 46 27 13 62 35 80 
LP_Opt:3
Rounding: 3
RLF Integral: 3

1 13 18 29 5 64 37 2 39 4 69 48 36 46 66 50 34 79 71 78 17 74 19 24 61 47 70 73 41 10 31 6 76 23 35 68 51 14 3 56 28 57 44 67 11 27 63 8 26 30 54 43 9 33 53 72 75 42 55 40 77 58 7 21 59 45 12 16 20 32 22 49 25 15 62 60 38 52 65 80 
LP_Opt:3
Rounding: 7
RLF Integral: 4

1 13 8 32 6 12 38 15 76 10 43 20 39 42 58 45 29 44 73 52 54 35 22 27 34 62 33 4 24 51 65 61 36 21 46 70 57 41 47 31 75 9 30 18 72 40 74 68 26 3 77 17 67 50 71 48 69 16 64 23 2 49 37 14 28 25 11 63 66 60 59 55 7 78 19 79 53 5 56 80 
LP_Opt:4
Rounding: 4
RLF Integral: 4

1 38 54 34 62 73 61 24 58 11 23 9 7 21 12 68 18 51 43 31 78 57 29 65 50 45 14 16 64 39 4 6 48 25 67 66 77 72 46 42 69 74 40 27 49 44 19 2 33 53 28 70 56 13 60 41 63 79 35 55 36 75 47 3 22 30 20 15 37 71 26 52 17 59 76 32 10 8 5 80 
LP_Opt:3
Rounding: 3
RLF Integral: 3

1 55 52 14 9 35 17 36 60 42 66 41 54 78 31 68 63 65 44 69 29 75 51 62 45 48 22 37 74 64 73 56 30 16 57 49 58 79 4 72 8 50 21 26 70 27 6 40 47 18 67 13 15 25 46 23 12 43 10 34 32 77 2 19 33 5 61 53 76 59 24 7 39 28 38 20 11 71 3 80 
LP_Opt:3
Rounding: 4
RLF Integral: 3

1 22 20 4 42 7 16 67 62 26 36 69 76 44 65 57 63 53 51 37 70 39 13 66 60 33 11 32 12 3 35 47 74 56 30 58 29 34 79 52 25 6 49 78 46 72 23 55 19 38 59 18 21 27 41 61 68 5 71 24 73 31 45 48 10 17 50 77 15 8 2 43 54 14 9 64 75 28 40 80 
LP_Opt:4
Rounding: 6
RLF Integral: 4

1 16 48 25 27 45 15 55 3 12 30 62 71 68 72 54 29 57 8 41 75 19 23 44 7 31 22 36 38 47 51 17 4 69 11 24 40 5 50 26 53 6 70 61 35 13 43 20 42 52 77 2 65 60 59 79 67 46 21 63 32 34 18 9 14 76 64 58 73 49 56 74 28 33 78 66 37 10 39 80 
LP_Opt:3
Rounding: 5
RLF Integral: 4

1 5 69 49 35 60 29 75 14 25 19 9 31 27 61 65 48 72 76 68 62 73 18 17 79 77 66 46 20 67 57 23 30 56 26 11 22 78 55 43 33 2 36 8 12 50 41 70 59 4 52 42 32 53 13 3 15 38 54 28 37 10 7 40 51 47 64 45 39 34 21 58 6 63 44 24 74 16 71 80 
LP_Opt:3
Rounding: 4
RLF Integral: 3

1 29 3 23 35 25 79 53 43 46 67 30 39 14 56 20 22 64 50 6 77 66 41 74 34 60 59 54 62 37 47 49 17 42 19 71 45 58 63 38 10 27 65 31 52 73 21 44 9 68 78 11 36 72 32 26 4 40 18 75 51 15 70 12 57 48 5 8 7 16 69 33 24 55 13 61 28 2 76 80 
LP_Opt:3
Rounding: 4
RLF Integral: 3

1 7 27 19 73 65 30 51 64 22 53 11 26 18 49 74 35 45 38 40 52 12 8 63 37 43 54 66 39 3 57 2 9 32 75 34 23 71 60 17 6 77 16 59 72 46 10 36 14 76 62 5 68 41 79 67 24 61 48 21 13 56 4 33 58 28 69 31 47 15 50 29 78 42 25 20 70 44 55 80 
LP_Opt:3
Rounding: 6
RLF Integral: 4

1 36 52 78 44 23 60 26 10 12 61 39 64 24 53 72 67 43 56 79 54 16 7 18 55 35 34 8 13 31 3 25 19 6 66 42 69 49 22 65 14 58 47 38 59 37 46 11 27 30 2 32 4 75 20 33 74 70 76 51 50 15 28 9 73 62 40 17 48 29 57 45 5 68 71 77 63 21 41 80 
LP_Opt:3
Rounding: 3
RLF Integral: 3

1 21 7 46 27 31 30 63 38 4 14 24 73 39 19 3 5 75 28 62 43 32 56 77 15 18 33 36 11 47 17 70 40 51 25 10 8 12 37 78 54 60 6 57 41 13 65 71 76 45 72 20 29 34 66 35 53 9 2 52 50 48 22 68 74 58 26 79 55 67 64 61 44 23 42 16 49 59 69 80 
LP_Opt:3
Rounding: 3
RLF Integral: 3

1 47 36 19 10 50 15 49 62 17 24 54 73 66 26 4 22 64 71 44 11 7 9 76 13 59 52 61 30 2 56 37 35 75 38 43 5 20 42 67 3 55 39 74 14 69 79 68 27 51 29 8 33 18 77 45 34 23 32 57 21 65 48 53 72 46 28 31 16 58 12 6 78 40 60 41 63 25 70 80 
LP_Opt:4
Rounding: 5
RLF Integral: 4

1 78 75 31 16 62 12 42 77 29 37 61 48 5 25 73 58 69 28 7 17 23 40 53 33 35 52 22 54 79 76 36 11 19 56 3 39 64 47 2 46 4 30 51 67 15 34 27 50 43 6 68 65 13 8 63 14 21 24 66 59 10 45 41 26 60 55 38 9 18 57 49 70 20 71 44 74 72 32 80 
LP_Opt:3
Rounding: 3
RLF Integral: 3

1 45 38 67 23 6 24 63 61 42 8 27 14 47 12 40 4 17 35 15 34 73 48 74 20 16 76 25 7 2 46 75 62 52 18 65 10 79 64 43 41 77 68 70 55 33 19 36 44 26 56 30 72 69 53 13 11 59 57 9 32 39 31 29 5 28 21 66 49 71 37 50 60 3 58 22 54 78 51 80 
LP_Opt:4
Rounding: 4
RLF Integral: 4

1 73 53 28 79 43 70 76 64 38 75 4 35 12 66 2 32 14 42 15 30 55 5 36 9 59 48 26 78 50 39 56 11 23 22 68 77 46 41 37 54 67 58 3 72 69 63 57 71 52 31 24 51 45 10 47 62 29 65 13 34 19 18 17 74 20 44 61 16 27 33 6 8 40 60 21 25 7 49 80 
LP_Opt:4
Rounding: 4
RLF Integral: 4

1 76 21 55 64 59 39 78 50 45 3 51 2 9 6 29 53 10 7 32 79 16 47 72 28 71 57 20 61 52 36 60 33 17 44 74 25 70 27 19 35 58 8 18 41 24 42 65 34 68 67 66 40 13 11 14 54 46 56 38 37 43 5 22 63 62 15 49 4 73 48 69 31 75 30 12 77 26 23 80 
LP_Opt:4
Rounding: 5
RLF Integral: 4

1 69 17 24 9 36 41 60 70 21 53 13 42 11 3 5 14 65 30 46 77 55 15 2 50 57 73 29 6 37 49 79 44 68 4 20 58 74 32 12 28 48 63 23 22 25 39 64 78 56 16 40 76 19 66 35 18 26 43 51 7 61 72 71 33 52 34 8 54 38 62 45 67 27 47 31 75 59 10 80 
LP_Opt:4
Rounding: 7
RLF Integral: 4

1 20 63 4 33 73 46 66 45 5 58 78 65 3 31 21 10 54 22 18 50 34 28 79 36 16 76 2 37 32 70 68 75 57 13 35 53 39 44 67 23 38 61 55 19 11 30 26 60 24 9 17 27 56 12 6 51 43 8 59 25 64 7 14 69 29 62 77 40 47 72 74 71 52 41 15 49 42 48 80 
LP_Opt:3
Rounding: 3
RLF Integral: 3

1 67 44 65 72 3 69 5 10 14 33 49 27 45 9 29 19 18 16 34 61 24 56 79 58 23 55 64 22 2 21 75 47 8 17 38 4 76 42 73 51 7 74 57 48 62 43 30 70 37 39 15 40 31 11 53 60 52 35 41 78 25 54 20 46 68 50 77 66 13 63 26 71 12 32 28 36 59 6 80 
LP_Opt:4
Rounding: 5
RLF Integral: 4

1 52 45 41 17 7 34 27 61 76 21 70 12 43 62 60 29 35 48 11 19 32 58 3 65 55 44 77 69 75 40 24 49 71 73 50 74 23 72 15 37 51 66 5 68 63 59 54 25 10 9 33 78 36 20 8 47 26 38 14 22 39 53 79 2 46 18 4 56 42 67 28 31 57 64 13 30 6 16 80 
LP_Opt:3
Rounding: 3
RLF Integral: 3

1 43 67 50 28 68 76 34 66 74 4 52 72 30 58 49 65 53 12 27 75 11 38 24 57 17 9 14 20 45 26 3 18 73 22 64 46 13 39 70 31 35 6 33 59 62 41 77 37 42 44 2 19 61 5 78 55 79 29 16 32 54 15 71 51 8 25 48 10 23 60 69 56 47 63 40 7 21 36 80 
LP_Opt:3
Rounding: 3
RLF Integral: 3

1 52 11 33 68 10 21 31 19 4 43 29 7 40 64 3 18 36 53 75 65 60 47 55 23 72 17 9 24 14 45 67 66 71 46 13 78 56 69 8 6 57 32 51 63 48 15 2 27 50 30 26 61 12 49 28 58 22 39 62 73 38 35 5 16 77 79 74 41 37 44 42 76 25 54 20 34 70 59 80 
LP_Opt:3
Rounding: 5
RLF Integral: 3

1 76 12 79 39 29 3 17 46 36 34 13 57 38 64 32 40 48 60 55 41 9 18 25 28 61 59 37 27 56 70 21 5 11 2 69 19 47 26 44 35 73 15 67 6 58 42 74 63 22 77 53 8 68 52 66 51 24 14 75 43 71 4 7 78 31 50 33 54 20 30 62 65 45 49 16 10 72 23 80 
LP_Opt:4
Rounding: 5
RLF Integral: 4

1 28 53 55 33 12 42 71 31 63 40 76 44 21 9 16 74 57 6 26 36 5 34 64 4 60 77 38 62 20 49 17 24 18 56 54 50 45 15 37 78 3 59 25 11 35 70 58 47 52 72 51 46 8 39 23 69 30 67 27 41 32 79 22 10 66 29 65 43 68 19 7 75 14 61 2 73 48 13 80 
LP_Opt:4
Rounding: 5
RLF Integral: 4

1 15 32 65 20 2 79 27 62 71 39 5 19 18 29 54 35 8 74 63 22 78 48 4 46 66 45 38 10 49 51 55 21 76 7 64 67 30 56 24 50 34 69 9 36 70 53 3 72 60 6 58 14 23 43 59 57 28 37 52 12 61 17 68 31 16 13 77 11 47 44 75 33 73 41 40 26 25 42 80 
LP_Opt:3
Rounding: 5
RLF Integral: 3

1 10 27 11 52 33 25 78 74 4 63 60 71 46 19 29 62 47 54 45 41 3 70 50 35 15 61 6 38 42 18 37 16 5 75 65 14 17 59 58 2 76 21 39 12 67 57 49 7 9 13 28 53 23 48 24 44 73 30 36 56 79 31 40 64 77 72 26 66 69 43 34 55 68 51 8 22 20 32 80 
LP_Opt:4
Rounding: 5
RLF Integral: 4

1 46 51 71 78 75 47 5 55 7 61 50 24 31 28 33 14 22 58 21 18 67 72 41 25 69 2 11 6 48 27 4 40 74 63 66 10 17 45 49 32 20 42 52 76 16 26 65 39 53 12 73 34 9 57 35 70 77 79 30 23 68 60 56 13 44 54 37 62 29 36 64 3 15 38 19 59 8 43 80 
LP_Opt:3
Rounding: 3
RLF Integral: 3

1 69 44 55 72 25 7 31 59 30 9 57 54 14 68 13 8 51 35 4 50 74 26 39 41 3 56 71 60 21 49 79 47 63 16 70 15 62 78 75 11 45 2 28 43 18 36 46 27 5 53 37 32 42 23 22 52 19 76 12 6 66 24 61 64 29 58 67 17 33 20 34 38 77 73 48 10 65 40 80 
LP_Opt:4
Rounding: 5
RLF Integral: 4

1 49 74 37 11 19 2 26 57 13 46 31 53 6 36 18 39 12 15 59 7 58 28 56 78 3 52 16 69 68 5 25 17 64 42 45 67 32 63 77 54 75 27 61 8 71 73 9 51 65 29 33 60 79 38 44 35 72 62 66 10 48 76 20 47 70 43 4 55 14 30 24 23 34 50 41 22 40 21 80 
LP_Opt:3
Rounding: 6
RLF Integral: 3

1 21 60 57 18 38 58 46 55 70 32 45 37 62 22 16 19 17 5 50 20 26 59 52 41 10 40 67 27 3 68 51 77 42 31 44 24 2 43 65 34 73 75 13 74 53 7 54 56 11 8 15 4 12 47 69 6 79 9 29 78 14 28 66 23 35 61 30 36 72 63 25 71 64 48 39 49 76 33 80 
LP_Opt:4
Rounding: 5
RLF Integral: 4

1 48 35 65 69 50 74 62 36 73 63 75 53 17 30 25 55 21 51 12 7 56 61 58 11 28 26 41 59 9 42 54 4 72 31 45 79 39 71 3 13 40 70 16 66 24 60 15 22 43 18 64 38 76 27 57 6 44 37 67 8 32 20 46 19 68 2 34 29 10 47 5 52 33 77 14 78 23 49 80 
LP_Opt:3
Rounding: 3
RLF Integral: 3

1 60 73 41 37 72 12 4 9 31 24 75 23 50 22 26 16 10 52 13 6 17 8 18 2 57 69 43 71 68 46 20 38 58 15 35 29 65 51 70 56 42 59 66 28 67 3 40 44 14 21 32 74 47 39 48 11 63 53 77 30 33 5 61 49 34 25 36 45 27 64 55 62 78 54 79 7 76 19 80 
LP_Opt:3
Rounding: 3
RLF Integral: 3

1 65 42 51 48 50 58 54 53 7 11 2 73 20 63 9 46 15 17 8 27 38 41 37 32 6 10 35 33 74 13 45 72 36 12 43 31 75 78 62 61 49 60 18 57 79 19 68 24 55 66 21 29 4 77 23 67 76 52 40 26 14 44 34 5 47 69 25 59 3 56 16 30 28 39 71 64 70 22 80 
LP_Opt:3
Rounding: 3
RLF Integral: 3

1 71 28 5 66 27 77 25 37 3 43 51 54 40 33 7 16 42 24 74 56 34 45 2 41 49 48 47 73 39 29 32 8 55 76 67 63 12 30 19 50 62 9 26 38 18 36 64 13 15 10 68 60 65 23 69 75 79 20 53 58 46 31 22 11 6 44 57 21 72 61 52 59 4 70 17 14 35 78 80 
LP_Opt:3
Rounding: 8
RLF Integral: 3

1 24 77 58 8 38 78 61 15 4 9 7 71 43 5 28 22 26 16 54 70 46 30 3 72 21 66 56 51 79 39 45 32 74 44 59 29 73 14 20 65 34 67 10 76 68 75 19 23 64 25 42 41 55 40 48 31 69 17 52 12 53 2 36 27 6 33 13 37 50 18 60 11 63 35 47 57 62 49 80 
LP_Opt:3
Rounding: 3
RLF Integral: 3

1 43 7 69 54 12 56 60 35 44 29 37 11 20 16 45 67 79 8 63 70 68 30 2 48 47 17 36 24 71 18 5 15 46 13 41 3 73 25 34 53 31 42 55 4 9 27 59 6 52 51 28 38 33 39 23 75 49 26 22 62 66 72 14 61 10 77 64 40 21 57 32 58 76 65 50 19 74 78 80 
LP_Opt:3
Rounding: 3
RLF Integral: 3

1 25 54 20 48 9 2 76 11 53 44 14 6 61 75 36 79 33 60 55 17 24 43 50 26 23 45 3 42 37 30 38 68 41 35 5 73 40 74 70 78 32 19 8 66 46 71 28 16 58 22 18 10 29 39 51 62 15 65 4 69 77 52 21 56 59 49 67 47 34 64 63 27 7 31 57 13 12 72 80 
LP_Opt:3
Rounding: 7
RLF Integral: 4

1 56 44 69 76 34 72 70 46 35 28 43 18 22 48 62 65 37 73 17 29 16 6 9 32 11 47 77 27 10 71 45 12 60 75 3 42 54 23 58 38 52 30 26 66 78 61 36 79 13 59 24 7 41 63 67 14 20 25 21 2 55 57 31 51 68 50 53 8 5 40 15 49 64 39 19 74 4 33 80 
LP_Opt:4
Rounding: 9
RLF Integral: 4

1 19 36 66 51 27 22 24 43 61 35 14 12 7 68 30 69 11 57 63 72 55 13 25 41 71 42 40 28 46 37 5 79 64 45 32 29 65 53 76 3 70 15 67 20 34 74 17 10 6 75 54 59 44 58 38 4 60 50 2 8 21 78 48 77 49 18 33 9 52 56 62 16 47 73 31 23 26 39 80 
LP_Opt:3
Rounding: 5
RLF Integral: 3

1 35 66 32 47 2 17 52 11 44 56 22 54 8 50 79 45 72 43 39 78 77 13 71 55 62 23 30 16 12 5 15 27 14 24 46 58 4 10 75 19 53 57 40 34 18 48 76 3 38 41 70 33 63 6 61 64 25 9 73 42 21 29 59 36 20 37 67 49 74 69 65 68 51 28 60 31 26 7 80 
LP_Opt:3
Rounding: 8
RLF Integral: 4

1 36 18 46 68 10 27 71 25 15 4 72 64 63 33 20 43 54 65 6 11 75 52 5 32 47 13 31 76 29 62 40 69 24 37 53 39 73 2 8 56 17 19 12 23 51 41 45 44 58 30 60 14 26 21 28 48 70 66 3 57 79 35 42 49 67 7 34 55 38 16 77 61 9 59 74 22 50 78 80 
LP_Opt:3
Rounding: 3
RLF Integral: 3

1 39 66 12 54 40 57 29 43 53 73 34 4 58 72 78 71 64 33 55 59 19 31 42 44 46 76 24 45 7 11 67 65 5 18 60 23 3 77 41 17 70 52 6 14 13 15 25 30 47 56 27 2 79 74 37 49 16 68 62 36 28 21 38 50 35 8 10 75 51 9 69 32 26 48 22 61 20 63 80 
LP_Opt:3
Rounding: 3
RLF Integral: 3

1 12 75 8 52 67 14 16 79 5 25 40 29 42 31 70 38 10 57 21 47 26 66 36 4 55 3 64 61 7 48 19 24 27 23 6 9 45 2 63 35 37 13 78 54 46 74 32 22 11 69 60 41 34 58 68 20 77 39 51 43 65 18 28 30 71 62 15 72 17 76 73 49 33 53 50 59 56 44 80 
LP_Opt:4
Rounding: 8
RLF Integral: 4

1 59 16 63 9 29 50 8 33 23 6 66 40 45 51 15 61 69 55 34 57 44 72 47 58 71 19 36 21 7 32 46 79 12 60 11 38 22 24 27 31 25 74 30 41 10 68 78 70 75 37 39 2 62 56 14 4 73 54 76 17 28 49 3 5 64 67 20 13 42 52 26 48 35 77 65 18 53 43 80 
LP_Opt:3
Rounding: 7
RLF Integral: 4

1 45 48 23 57 70 46 20 25 78 62 24 34 61 69 73 49 18 56 60 68 44 22 38 35 6 2 54 42 36 76 32 5 74 9 66 4 8 12 27 72 19 11 31 52 71 53 29 7 10 47 33 79 21 16 39 65 28 15 26 37 41 14 51 50 13 3 55 58 43 30 75 77 17 67 64 59 63 40 80 
LP_Opt:3
Rounding: 5
RLF Integral: 4

1 46 75 44 63 51 23 8 3 25 5 9 37 62 16 77 76 72 39 42 49 4 24 35 32 12 73 54 59 29 17 22 19 74 66 34 61 11 55 53 27 26 30 41 56 43 2 36 69 65 13 18 58 52 20 33 64 38 10 50 67 7 40 28 71 31 57 60 79 21 78 14 48 15 6 70 68 45 47 80 
LP_Opt:3
Rounding: 3
RLF Integral: 3

1 17 46 3 9 56 78 42 13 6 34 58 62 68 35 18 43 40 22 76 60 47 65 50 19 55 61 38 20 59 14 41 44 24 28 5 53 79 52 54 37 10 29 64 12 23 31 51 8 67 27 74 15 4 48 26 57 63 49 69 72 77 7 45 73 33 66 32 70 25 36 21 39 71 2 75 16 30 11 80 
LP_Opt:3
Rounding: 5
RLF Integral: 4

1 4 42 46 79 55 34 47 71 57 7 72 44 37 13 5 18 16 11 36 59 14 75 67 53 12 2 25 51 58 33 64 68 28 26 60 69 41 54 24 50 49 22 66 17 29 19 65 31 23 62 76 35 77 61 21 3 63 43 70 38 32 73 9 74 6 45 20 78 8 48 40 39 10 52 15 27 30 56 80 
LP_Opt:3
Rounding: 5
RLF Integral: 3

1 58 11 4 17 10 77 30 46 68 55 38 72 47 43 19 60 76 48 21 52 54 36 16 14 74 3 62 8 20 25 49 59 27 42 65 24 78 6 37 35 69 79 50 26 13 41 5 31 66 73 9 61 29 34 64 56 45 53 15 44 33 40 2 23 28 75 63 39 67 12 18 22 57 51 71 70 32 7 80 
LP_Opt:4
Rounding: 6
RLF Integral: 4

1 56 12 14 11 34 23 53 4 31 61 52 40 78 74 26 17 24 75 7 21 77 64 68 70 76 50 35 60 3 22 44 15 47 5 48 8 49 79 69 45 41 9 13 62 28 42 54 16 37 58 43 57 39 2 65 46 32 67 66 30 71 59 63 18 20 38 33 73 36 27 51 6 10 29 19 25 55 72 80 
LP_Opt:4
Rounding: 4
RLF Integral: 4

1 36 69 76 68 71 20 24 7 33 50 4 40 44 34 61 64 73 25 60 28 57 46 48 78 9 17 52 6 75 63 10 5 32 16 77 26 39 30 38 21 3 79 35 58 65 72 2 41 55 37 62 23 8 67 27 66 51 42 18 14 54 59 43 45 49 12 47 56 22 53 19 29 70 31 15 13 11 74 80 
LP_Opt:3
Rounding: 6
RLF Integral: 4

1 42 64 78 5 67 75 59 46 19 32 55 24 62 38 50 4 22 70 6 23 76 29 71 44 12 79 16 21 63 17 10 60 35 53 15 30 58 37 66 40 57 20 31 56 3 77 45 7 72 34 69 61 26 13 43 28 51 27 41 9 25 47 36 39 11 54 48 18 68 65 73 52 33 74 8 49 2 14 80 
LP_Opt:3
Rounding: 3
RLF Integral: 3

1 68 58 41 30 76 22 14 40 2 8 60 9 42 5 47 7 28 77 20 35 75 73 67 39 19 72 17 10 59 6 21 32 27 36 12 65 51 69 23 49 71 34 48 4 54 18 78 24 45 43 61 53 11 37 44 74 13 26 66 56 33 63 29 3 46 52 25 70 79 15 50 55 57 16 38 62 31 64 80 
LP_Opt:3
Rounding: 5
RLF Integral: 3

1 67 32 27 70 24 64 69 9 2 8 50 77 10 46 5 52 72 60 26 61 45 31 63 6 55 75 42 68 13 40 11 34 36 16 62 53 74 14 4 18 54 78 21 19 28 41 57 73 58 48 66 3 25 39 30 29 47 20 7 37 23 79 35 49 38 22 71 76 65 12 17 56 59 43 15 33 51 44 80 
LP_Opt:3
Rounding: 5
RLF Integral: 3

1 72 71 40 19 66 70 18 49 77 29 7 23 15 28 44 21 42 4 68 36 75 17 69 31 16 74 61 43 13 57 78 59 79 60 54 9 76 58 14 62 35 22 52 8 39 2 30 24 20 56 67 38 64 25 6 27 5 37 45 41 33 55 47 73 53 48 50 26 32 11 10 65 51 3 63 12 46 34 80 
LP_Opt:4
Rounding: 5
RLF Integral: 4

1 49 35 39 3 40 6 22 50 54 36 66 73 51 42 37 43 46 45 41 18 79 63 32 48 56 20 68 4 78 74 13 27 53 21 24 60 52 16 71 11 65 29 2 34 44 8 72 58 38 15 28 69 76 61 33 77 14 25 10 64 23 57 9 12 75 62 17 31 70 59 19 5 47 26 55 30 7 67 80 
LP_Opt:4
Rounding: 7
RLF Integral: 4

1 29 23 47 46 4 76 21 49 64 72 68 60 67 14 61 19 73 10 17 50 22 40 32 2 63 20 65 59 58 16 12 69 7 42 78 77 18 39 38 45 33 56 34 8 53 52 44 30 15 31 55 43 3 74 70 54 51 57 37 6 62 13 48 5 35 71 24 41 79 27 75 11 66 25 36 28 9 26 80 
LP_Opt:4
Rounding: 5
RLF Integral: 4

1 78 59 43 16 41 46 34 62 35 2 22 39 20 54 71 65 36 30 7 9 12 44 3 58 57 50 28 32 25 21 55 40 17 75 5 60 67 14 13 47 11 15 27 61 51 73 72 10 70 45 66 69 29 37 4 48 19 79 8 68 33 6 23 42 38 77 26 31 76 53 24 56 18 52 64 49 74 63 80 
LP_Opt:3
Rounding: 3
RLF Integral: 3

1 36 12 47 56 18 26 11 21 44 4 66 2 31 17 7 71 6 54 37 77 43 28 10 72 24 75 53 42 74 76 19 23 16 39 45 15 8 49 61 29 57 25 40 62 30 63 14 55 5 50 13 34 78 38 41 65 20 32 35 67 9 52 58 70 69 68 59 64 60 22 33 48 51 27 79 73 3 46 80 
LP_Opt:3
Rounding: 3
RLF Integral: 3

1 37 7 70 76 14 2 49 77 40 17 43 57 69 24 62 31 22 66 68 4 72 60 44 51 41 35 79 67 29 38 20 27 10 65 25 34 63 18 6 3 42 53 55 33 48 15 50 52 9 56 47 73 71 13 8 54 75 32 39 46 26 59 36 28 11 78 19 61 16 21 74 30 23 12 64 58 5 45 80 
LP_Opt:3
Rounding: 11
RLF Integral: 4

1 16 24 55 15 61 73 57 70 33 36 59 44 35 23 22 66 5 50 42 60 77 37 19 47 41 72 27 69 21 9 74 51 4 49 76 25 3 34 65 29 26 64 53 30 40 8 48 32 18 75 13 58 2 11 67 56 46 17 10 6 45 54 38 31 63 52 68 62 43 28 7 12 78 39 20 71 79 14 80 
LP_Opt:3
Rounding: 5
RLF Integral: 3

1 66 20 35 76 71 34 72 61 50 3 2 67 47 38 63 29 14 60 4 26 56 73 42 51 48 28 36 13 23 62 22 46 37 6 59 64 21 19 15 44 10 31 9 16 43 7 70 69 24 49 57 8 78 27 32 17 75 30 77 65 33 39 45 79 68 18 53 11 58 41 40 12 25 52 54 74 5 55 80 
LP_Opt:4
Rounding: 7
RLF Integral: 4

LP_opt: 3,3,4,3,3,3,3,3,3,3,3,3,3,4,4,3,4,4,3,3,3,3,4,3,3,4,3,3,3,3,3,3,3,3,3,3,3,3,3,4,3,3,4,3,3,3,3,3,3,4,3,4,4,4,4,3,4,3,3,3,4,4,3,4,3,4,3,4,3,3,3,3,3,3,3,4,3,3,3,3,4,3,3,3,3,3,4,4,3,3,3,3,4,4,4,3,3,3,3,4,
Rounding res: 3,9,5,7,3,3,6,3,3,3,3,3,3,7,5,3,6,5,3,3,7,3,5,6,3,5,4,3,3,6,6,7,5,6,8,3,3,3,7,4,3,4,6,5,4,4,6,3,3,5,3,4,4,5,7,3,5,3,3,5,5,5,5,5,3,5,6,5,3,3,3,8,3,3,7,9,5,8,3,3,8,7,5,3,5,5,6,4,6,3,5,5,5,7,5,3,3,11,5,7,
Opt:3,3,4,4,3,3,3,3,3,3,3,3,3,4,4,3,4,4,3,3,3,3,4,4,3,4,3,3,3,4,3,4,3,4,3,3,3,3,4,4,3,3,4,4,3,3,4,3,3,4,3,4,4,4,4,3,4,3,3,3,4,4,3,4,3,4,3,4,3,3,3,3,3,3,4,4,3,4,3,3,4,4,4,3,4,3,4,4,4,3,3,3,4,4,4,3,3,4,3,4,

Max diff:7
Max factor:3.0
Mean diff:1.3
Mean factor:1.3658333333333335

Peacock: 5,5,5,5,3,5,3,3,5,5,5,5,3,5,5,5,5,5,5,3,7,5,5,5,5,5,5,5,5,5,5,5,5,5,3,5,3,5,5,5,5,3,5,5,3,3,5,5,5,5,3,5,5,5,5,7,5,5,5,7,5,5,3,5,5,7,5,5,5,5,5,5,5,3,5,7,5,5,5,3,5,5,5,7,5,5,5,5,5,5,3,5,5,5,5,3,5,7,3,5
Max diff:4
Max factor:2.3333333333333335
Mean diff:1.37
Mean factor:1.4158333333333335

Improved Peacock:
3,3,5,5,5,3,3,3,3,3,3,3,3,5,5,3,5,5,3,3,3,3,5,5,3,5,5,3,5,5,3,5,5,5,3,3,3,3,5,5,3,3,5,5,3,3,5,3,3,5,3,5,5,5,5,5,5,3,3,5,5,5,3,5,3,5,5,5,3,3,3,5,3,3,5,5,3,5,5,3,5,5,5,3,5,3,5,5,5,3,3,3,5,5,5,3,3,5,3,5,
Max diff:2
Max factor:1.6666666666666667
Mean diff:0.61
Mean factor:1.1675000000000002

Shortest Path:
6,3,5,6,6,3,3,3,3,4,4,7,3,5,7,3,4,6,5,6,6,4,6,5,6,7,3,5,7,4,5,6,5,4,3,3,3,3,5,5,5,3,7,5,3,3,5,5,5,7,6,5,5,5,5,5,6,5,6,6,6,5,6,6,6,6,6,7,6,6,4,6,7,5,4,5,5,5,4,5,6,6,5,4,4,6,5,6,5,3,7,7,5,6,5,6,3,5,5,5,
Max diff:4
Max factor:2.3333333333333335
Mean diff:1.6
Mean factor:1.4833333333333334











