1 13 58 8 23 41 64 42 60 48 2 21 63 14 27 38 67 40 54 53 20 30 50 18 5 15 37 19 4 69 45 56 36 16 51 55 52 28 25 34 31 22 57 11 10 47 6 62 43 49 66 39 35 46 7 3 44 26 24 59 12 33 61 32 9 29 65 17 68 70 
LP_Opt:4
Rounding: 5
SLF Integral: 5

1 8 18 35 5 33 47 12 36 65 4 50 52 6 46 42 64 2 25 48 56 20 7 68 41 37 51 58 66 16 54 30 62 10 40 38 61 28 3 15 29 53 59 21 9 32 31 67 11 23 22 26 55 19 57 14 45 60 17 34 24 69 49 13 44 63 27 39 43 70 
LP_Opt:4
Rounding: 4
SLF Integral: 4

1 33 39 41 18 64 24 47 49 31 48 55 38 6 13 69 51 61 9 8 29 65 37 56 67 12 34 58 54 46 66 68 16 3 17 44 26 4 15 50 60 43 10 32 52 14 63 20 27 5 42 30 25 62 59 21 23 11 28 2 7 53 40 57 36 22 19 35 45 70 
LP_Opt:4
Rounding: 4
SLF Integral: 4

1 46 69 61 60 59 62 2 19 11 31 45 24 63 27 3 49 55 6 23 51 29 33 5 37 43 26 15 20 44 50 68 54 12 58 38 48 17 25 34 56 65 13 22 39 4 67 7 18 9 8 30 42 16 14 28 47 36 64 66 32 21 10 57 41 52 35 40 53 70 
LP_Opt:4
Rounding: 5
SLF Integral: 4

1 20 45 53 24 60 63 37 43 5 40 9 32 26 55 30 10 34 48 29 38 47 18 64 14 57 19 49 46 42 66 11 21 58 15 8 68 17 4 28 16 7 56 51 2 67 6 41 54 25 31 35 3 44 36 13 52 27 22 33 23 65 62 39 50 59 69 61 12 70 
LP_Opt:4
Rounding: 7
SLF Integral: 4

1 48 47 54 20 61 67 53 68 39 18 36 51 69 50 45 9 24 43 19 29 37 13 27 23 46 58 35 52 62 34 22 17 32 5 7 40 25 11 64 33 12 63 66 8 41 31 60 15 30 28 44 59 26 55 2 57 4 3 49 42 56 6 10 14 21 16 38 65 70 
LP_Opt:4
Rounding: 4
SLF Integral: 4

1 64 18 15 39 55 3 9 34 54 52 67 59 32 22 5 42 63 11 33 20 17 65 26 61 7 60 46 35 58 29 40 47 56 68 44 43 4 25 45 13 50 37 27 2 38 49 19 6 24 31 41 21 53 36 57 16 69 62 14 51 30 28 8 66 10 48 12 23 70 
LP_Opt:4
Rounding: 5
SLF Integral: 4

1 29 6 64 41 9 4 58 24 61 27 66 37 23 65 59 54 48 39 49 5 36 18 33 57 34 67 32 10 13 56 38 8 20 30 12 60 55 31 53 22 62 35 15 47 50 21 17 19 7 44 52 2 26 3 51 42 63 40 43 14 69 68 28 11 25 16 46 45 70 
LP_Opt:4
Rounding: 4
SLF Integral: 4

1 47 54 59 48 67 64 40 20 25 2 14 50 12 21 23 42 57 55 49 27 43 45 41 4 19 7 33 53 35 3 39 31 8 68 29 56 11 62 18 37 16 13 65 32 15 28 17 24 30 34 10 46 51 66 6 44 36 63 61 60 69 26 52 5 58 9 38 22 70 
LP_Opt:4
Rounding: 5
SLF Integral: 4

1 35 3 51 69 10 42 45 44 57 6 65 26 16 13 9 47 64 38 15 8 20 34 5 63 11 7 29 48 40 21 62 33 41 39 68 56 49 4 2 18 28 54 27 37 32 46 67 30 43 66 22 25 58 31 53 36 52 50 17 23 19 61 55 60 14 12 59 24 70 
LP_Opt:4
Rounding: 4
SLF Integral: 4

1 37 23 10 36 56 31 30 4 66 50 8 26 61 49 15 60 27 25 19 18 21 5 51 41 44 54 28 22 47 17 69 34 12 24 55 40 48 3 57 46 59 33 42 2 64 11 67 6 53 45 35 68 62 38 29 52 13 58 7 39 65 14 16 20 43 32 63 9 70 
LP_Opt:4
Rounding: 5
SLF Integral: 4

1 62 50 20 14 54 29 40 43 55 44 60 4 32 34 45 28 59 8 63 53 6 56 37 23 25 10 17 52 24 35 65 69 67 12 7 15 2 9 27 36 58 51 47 42 38 41 57 48 5 61 46 22 30 13 31 66 18 49 26 68 33 11 64 21 39 16 3 19 70 
LP_Opt:4
Rounding: 5
SLF Integral: 4

1 19 35 5 44 39 33 65 20 36 45 69 11 43 24 50 26 42 10 61 49 32 28 4 67 62 13 3 53 8 37 29 68 21 9 41 38 17 48 18 66 25 15 27 30 40 7 31 55 60 12 6 59 51 23 47 22 16 14 57 52 56 63 34 64 58 2 54 46 70 
LP_Opt:4
Rounding: 5
SLF Integral: 4

1 28 21 23 52 59 69 63 49 15 18 9 58 43 66 36 33 64 13 26 65 34 10 57 62 45 31 37 25 40 56 12 29 16 51 35 2 42 47 3 61 60 32 19 11 27 20 46 6 41 22 67 17 50 38 7 14 4 39 53 48 8 44 5 54 68 30 24 55 70 
LP_Opt:4
Rounding: 4
SLF Integral: 4

1 5 16 46 64 50 22 3 27 67 14 38 6 58 18 13 52 15 59 33 56 68 49 69 39 66 53 45 10 30 60 2 42 7 31 48 25 4 11 65 8 62 20 63 47 55 28 61 44 32 9 21 57 29 26 17 43 51 19 35 37 34 23 41 40 54 24 12 36 70 
LP_Opt:4
Rounding: 5
SLF Integral: 4

1 31 2 8 61 51 29 12 6 20 58 50 66 46 17 65 60 28 68 48 3 67 25 56 34 59 11 43 36 42 4 32 45 7 5 27 24 22 41 37 9 47 40 10 13 53 62 54 33 63 69 64 15 35 38 16 52 57 26 18 14 39 19 21 44 30 49 23 55 70 
LP_Opt:4
Rounding: 4
SLF Integral: 4

1 8 40 21 58 37 57 9 18 13 64 56 36 17 44 20 4 53 35 7 59 26 39 69 41 45 52 42 63 12 48 23 33 10 65 68 61 3 47 50 5 67 51 62 43 24 32 2 15 31 28 22 25 34 55 11 14 66 38 54 30 49 60 6 19 46 27 16 29 70 
LP_Opt:4
Rounding: 6
SLF Integral: 4

1 37 12 26 65 46 19 68 29 66 16 23 8 44 69 7 34 13 53 14 60 35 27 39 9 63 10 28 24 47 5 58 51 25 57 54 2 6 41 64 30 4 21 20 15 59 11 67 49 52 33 17 40 43 61 56 62 38 48 18 22 36 50 55 42 3 32 45 31 70 
LP_Opt:4
Rounding: 5
SLF Integral: 5

1 57 37 41 30 42 28 16 67 8 56 34 31 65 20 26 17 45 53 36 62 23 9 29 24 61 4 43 59 6 39 35 11 10 69 33 14 49 44 15 54 64 7 47 22 55 66 50 19 21 38 48 60 18 13 52 12 46 25 5 40 63 32 3 2 27 68 58 51 70 
LP_Opt:4
Rounding: 4
SLF Integral: 4

1 31 7 59 12 51 9 15 40 64 67 26 11 18 3 41 50 34 4 55 24 8 16 48 14 29 69 32 21 20 52 37 68 22 58 5 10 39 54 42 62 28 63 47 2 35 23 27 57 6 25 17 56 33 13 43 61 30 66 19 36 46 60 49 38 44 65 53 45 70 
LP_Opt:5
Rounding: 5
SLF Integral: 5

1 48 57 51 63 12 20 36 50 21 31 41 44 53 2 65 33 59 8 45 43 37 18 52 23 15 68 28 56 30 49 25 24 3 27 55 67 35 5 14 47 7 29 22 64 66 13 4 34 40 60 58 19 9 17 16 54 46 69 10 39 38 61 26 11 42 62 32 6 70 
LP_Opt:4
Rounding: 5
SLF Integral: 4

1 44 67 14 24 38 46 57 23 45 39 64 47 18 60 6 32 25 37 2 10 63 4 33 36 9 26 53 42 17 55 27 52 34 13 48 41 54 20 11 21 43 15 31 30 59 68 50 56 19 5 40 28 66 16 51 7 49 22 69 12 29 58 3 61 8 35 65 62 70 
LP_Opt:4
Rounding: 5
SLF Integral: 4

1 32 54 49 57 67 25 56 38 55 26 37 64 15 23 45 59 42 58 16 10 39 65 47 50 66 27 46 6 68 62 60 22 69 2 9 53 7 19 29 48 36 4 24 33 8 28 20 35 61 21 40 51 11 52 31 17 41 12 5 44 43 30 14 34 18 63 3 13 70 
LP_Opt:4
Rounding: 5
SLF Integral: 4

1 9 65 47 18 7 3 69 24 12 36 60 50 59 23 66 37 44 16 55 41 28 64 46 30 25 49 34 52 51 42 13 39 21 8 26 2 20 68 32 48 4 10 45 22 35 14 19 15 54 62 40 31 38 29 57 63 43 33 6 67 27 56 5 53 61 58 17 11 70 
LP_Opt:5
Rounding: 5
SLF Integral: 5

1 47 46 5 37 59 51 29 50 55 35 69 57 16 30 21 27 19 52 39 65 43 49 24 36 7 38 23 33 62 60 48 25 3 63 13 64 12 58 45 9 31 6 26 54 41 66 11 18 22 10 8 2 68 61 20 28 56 17 44 42 32 53 4 67 14 40 34 15 70 
LP_Opt:4
Rounding: 5
SLF Integral: 4

1 35 50 61 23 44 37 55 46 27 13 15 6 62 65 51 3 40 64 10 38 16 24 36 67 69 18 56 39 48 19 58 32 43 25 45 12 20 5 8 68 49 4 34 63 22 53 41 17 30 7 54 11 66 33 59 31 28 57 60 2 47 26 21 42 29 14 52 9 70 
LP_Opt:4
Rounding: 5
SLF Integral: 4

1 63 5 17 48 31 68 50 6 4 55 47 61 41 54 62 20 69 52 9 37 29 15 7 39 38 32 23 21 44 3 2 27 53 59 8 43 57 16 19 64 51 56 42 60 25 33 66 49 24 18 22 58 11 30 45 65 14 34 12 28 26 36 40 10 67 35 46 13 70 
LP_Opt:4
Rounding: 4
SLF Integral: 4

1 67 29 22 14 38 46 30 34 68 49 45 10 51 65 54 41 28 2 62 47 25 12 44 7 26 8 64 6 40 37 56 3 36 15 27 16 21 20 61 48 24 19 59 23 50 58 35 42 57 32 18 53 55 43 69 60 5 9 13 66 39 17 63 33 11 52 4 31 70 
LP_Opt:4
Rounding: 5
SLF Integral: 4

1 19 35 62 2 9 68 33 56 27 59 64 55 67 32 65 10 31 58 15 18 22 44 51 41 36 66 50 26 11 61 3 63 25 57 46 42 30 13 69 21 52 24 28 54 17 29 34 20 7 12 38 5 16 49 45 40 39 60 23 47 43 37 14 48 4 6 53 8 70 
LP_Opt:4
Rounding: 5
SLF Integral: 4

1 29 62 23 26 65 40 7 30 37 43 25 10 50 42 27 9 11 33 61 67 54 36 69 13 47 52 63 53 48 18 17 12 45 66 51 56 19 39 35 3 31 16 8 15 46 28 20 34 49 60 57 6 2 58 4 24 68 14 41 21 44 59 32 64 55 38 22 5 70 
LP_Opt:4
Rounding: 5
SLF Integral: 4

1 68 28 19 40 50 15 5 33 45 10 67 6 47 30 58 64 9 18 2 34 49 3 53 69 55 13 26 39 54 11 57 52 65 4 20 37 21 46 63 31 12 35 17 51 61 25 60 38 66 56 44 8 43 42 27 24 59 29 22 16 36 41 62 32 14 23 7 48 70 
LP_Opt:5
Rounding: 6
SLF Integral: 5

1 48 5 14 51 23 43 18 44 30 46 69 7 17 9 13 20 28 21 16 65 2 63 60 52 39 62 36 27 29 32 41 37 53 34 22 40 19 56 15 55 6 11 24 58 4 31 47 33 57 49 54 61 66 10 35 38 45 12 8 50 64 26 3 25 68 59 42 67 70 
LP_Opt:3
Rounding: 3
SLF Integral: 3

1 21 58 26 39 9 53 56 59 17 62 36 15 8 33 51 48 5 19 50 13 34 18 40 11 60 67 20 37 16 69 6 43 3 66 52 28 49 31 4 12 44 64 38 63 30 65 14 2 41 10 68 7 45 29 23 46 61 35 22 42 24 47 57 27 55 54 25 32 70 
LP_Opt:4
Rounding: 4
SLF Integral: 4

1 21 17 14 30 60 33 32 23 69 28 11 15 39 67 35 27 53 56 34 68 40 49 10 37 55 45 57 36 29 46 44 9 63 7 31 6 13 25 38 8 22 5 42 41 4 51 62 54 59 43 24 47 2 48 64 26 12 58 66 20 65 16 61 52 19 18 3 50 70 
LP_Opt:5
Rounding: 5
SLF Integral: 5

1 37 55 57 13 58 2 59 31 52 45 10 42 4 14 51 68 48 16 26 54 43 36 5 15 28 35 20 61 6 49 38 29 7 22 32 67 30 40 23 17 47 62 50 34 56 44 3 63 53 24 65 11 60 8 12 69 18 21 33 64 27 39 66 41 19 25 46 9 70 
LP_Opt:4
Rounding: 4
SLF Integral: 4

1 16 8 66 9 51 61 33 63 19 7 35 46 36 56 40 54 31 4 60 49 20 42 57 24 69 39 27 22 18 6 11 30 26 58 15 45 53 3 59 55 37 50 64 12 10 28 41 17 62 32 52 67 25 23 38 65 43 29 34 21 47 2 13 68 14 44 5 48 70 
LP_Opt:4
Rounding: 5
SLF Integral: 4

1 43 35 9 53 31 44 27 18 47 38 36 55 62 23 13 10 34 56 32 59 22 63 29 21 67 20 6 25 52 26 15 61 24 11 41 50 58 37 5 33 68 14 49 65 16 8 54 48 51 3 40 2 45 7 66 64 19 57 12 4 60 17 46 28 39 69 30 42 70 
LP_Opt:4
Rounding: 6
SLF Integral: 4

1 39 34 53 6 31 45 26 8 64 3 57 67 25 16 55 37 10 22 52 38 41 50 63 60 65 42 47 58 56 48 69 5 54 4 30 33 44 46 15 11 61 49 43 14 68 27 51 23 17 24 35 18 21 13 19 62 32 20 29 12 2 66 9 40 7 59 36 28 70 
LP_Opt:4
Rounding: 5
SLF Integral: 4

1 8 31 10 12 64 14 34 57 60 3 32 15 5 50 7 21 2 62 6 53 49 38 66 42 68 25 65 13 52 63 27 46 67 45 44 18 59 54 35 61 23 30 37 17 69 43 48 20 11 4 47 19 41 55 24 9 58 51 39 56 16 26 28 40 36 33 29 22 70 
LP_Opt:4
Rounding: 5
SLF Integral: 4

1 57 48 53 10 64 8 66 22 54 30 60 13 40 24 56 6 63 46 34 55 68 62 16 19 18 23 7 51 27 59 25 31 65 33 67 41 45 69 2 21 4 29 37 39 32 35 15 61 58 12 9 47 3 17 52 26 5 49 20 28 36 50 14 11 38 42 44 43 70 
LP_Opt:4
Rounding: 5
SLF Integral: 4

1 12 39 67 49 18 3 20 7 32 35 5 10 68 37 45 31 28 6 59 23 33 56 65 4 25 27 58 53 30 15 42 34 52 13 2 19 51 9 54 14 22 47 62 41 8 11 69 46 38 29 44 40 64 60 36 21 17 55 26 63 50 57 48 16 61 43 24 66 70 
LP_Opt:4
Rounding: 6
SLF Integral: 4

1 49 47 37 64 15 40 58 51 35 50 17 41 69 53 12 9 30 29 5 61 20 33 21 60 3 28 68 42 25 19 59 54 67 22 32 43 55 4 62 26 46 52 65 31 8 13 27 10 39 63 24 23 44 6 66 7 14 56 18 45 38 2 57 16 34 36 11 48 70 
LP_Opt:4
Rounding: 5
SLF Integral: 4

1 56 60 44 34 26 68 27 59 69 58 46 65 22 14 63 16 9 37 20 28 5 33 19 24 31 42 51 39 49 36 30 40 35 64 3 50 21 12 55 6 18 38 53 47 61 11 54 29 43 8 62 45 15 23 67 48 10 57 13 25 17 32 66 41 52 4 7 2 70 
LP_Opt:4
Rounding: 6
SLF Integral: 4

1 69 11 19 8 63 24 41 40 68 20 22 35 43 29 36 34 47 45 5 62 3 27 23 59 2 52 21 33 13 51 9 30 26 15 17 46 6 25 4 57 67 14 54 10 49 31 65 12 58 66 55 64 44 37 50 16 60 53 32 18 48 42 38 7 39 56 28 61 70 
LP_Opt:4
Rounding: 4
SLF Integral: 4

1 43 36 51 31 67 69 32 55 59 57 2 41 3 9 14 48 23 18 30 68 28 16 20 54 45 19 4 35 13 27 37 44 50 17 49 7 42 47 12 40 61 34 24 39 6 25 63 33 62 5 58 26 22 64 66 46 8 15 38 52 65 53 21 29 10 56 11 60 70 
LP_Opt:4
Rounding: 5
SLF Integral: 4

1 28 19 11 42 54 17 36 46 35 52 22 27 37 7 62 10 51 32 39 24 49 48 30 59 38 25 65 29 21 18 23 40 31 4 41 20 66 61 2 45 63 12 8 3 34 5 26 64 15 57 13 50 33 14 47 53 44 55 9 67 56 68 43 69 6 58 60 16 70 
LP_Opt:3
Rounding: 3
SLF Integral: 3

1 62 20 18 22 34 30 41 43 3 5 40 53 42 37 54 66 69 19 6 67 29 39 60 48 11 28 12 59 36 33 7 55 47 10 2 61 68 64 27 50 35 52 16 57 63 24 56 4 49 38 26 21 31 58 51 15 23 17 25 65 46 9 32 45 8 14 13 44 70 
LP_Opt:4
Rounding: 5
SLF Integral: 4

1 15 12 34 45 56 60 2 51 53 7 11 17 52 35 55 13 44 21 3 69 36 16 29 63 27 20 64 62 4 66 32 57 49 41 38 58 68 40 43 48 46 50 65 19 8 59 31 14 9 18 28 23 25 6 26 10 54 30 42 67 47 22 37 33 39 61 24 5 70 
LP_Opt:4
Rounding: 6
SLF Integral: 4

1 8 51 16 5 67 52 46 12 6 66 23 56 41 64 60 21 15 27 61 18 28 49 14 9 13 47 25 17 37 11 3 53 62 2 63 35 68 36 34 40 44 59 26 33 10 30 54 31 22 50 48 45 57 7 43 32 65 55 4 39 24 19 69 58 42 20 38 29 70 
LP_Opt:4
Rounding: 7
SLF Integral: 4

1 15 63 60 7 55 26 34 28 27 6 52 4 13 16 5 57 46 24 12 25 42 19 69 21 50 41 2 53 56 3 18 51 30 14 68 35 33 32 11 10 31 36 66 65 17 20 37 44 58 48 62 54 38 45 61 39 67 64 43 29 59 23 49 22 9 8 40 47 70 
LP_Opt:4
Rounding: 5
SLF Integral: 4

1 40 14 65 63 52 59 38 58 45 6 31 26 3 48 10 60 4 42 28 51 36 23 39 29 62 64 68 57 8 21 56 49 18 22 50 37 54 25 2 24 46 44 11 16 33 69 15 66 30 17 43 41 67 20 34 19 47 27 61 12 35 5 7 9 53 32 55 13 70 
LP_Opt:4
Rounding: 4
SLF Integral: 4

1 29 22 49 42 21 44 62 37 9 24 30 6 35 15 40 25 17 58 2 67 10 68 11 41 45 19 4 13 28 7 55 66 5 57 69 51 14 56 60 16 63 50 32 26 61 65 20 8 53 36 34 59 54 38 31 3 47 33 43 46 39 23 52 64 48 18 12 27 70 
LP_Opt:4
Rounding: 6
SLF Integral: 4

1 7 49 16 63 33 10 52 22 35 57 15 11 44 51 32 19 56 12 55 41 58 69 47 14 59 34 53 46 29 36 50 40 30 64 68 8 24 38 31 9 5 4 54 20 6 26 3 39 21 65 2 42 66 37 28 25 23 13 18 48 27 60 67 17 61 43 62 45 70 
LP_Opt:4
Rounding: 5
SLF Integral: 4

1 35 52 34 4 6 55 23 8 2 56 41 11 65 25 54 48 45 39 22 66 7 59 30 15 13 40 64 53 27 18 50 44 69 49 62 9 38 36 17 32 29 46 3 61 12 43 51 26 67 60 10 19 31 42 28 5 20 68 47 16 14 58 57 33 24 37 21 63 70 
LP_Opt:4
Rounding: 5
SLF Integral: 4

1 58 30 20 59 11 18 49 23 5 41 66 45 42 51 7 35 65 39 69 3 43 64 6 56 22 17 48 55 8 60 62 54 40 10 63 19 15 50 26 44 21 37 16 61 27 24 33 25 36 57 34 12 68 2 14 46 28 47 4 13 67 38 53 31 9 29 32 52 70 
LP_Opt:4
Rounding: 4
SLF Integral: 4

1 9 49 19 21 42 13 39 67 62 23 63 54 22 30 35 58 56 5 47 53 4 26 28 38 57 8 12 41 6 34 32 16 45 40 48 60 43 69 50 52 24 15 20 36 7 68 14 37 66 51 59 10 3 27 11 29 31 17 61 25 18 65 33 44 64 46 2 55 70 
LP_Opt:4
Rounding: 5
SLF Integral: 4

1 67 12 53 15 61 55 62 34 69 51 49 27 18 3 43 47 52 4 40 26 16 60 7 64 11 42 54 29 56 23 14 48 25 63 68 30 20 41 28 57 10 50 19 35 45 5 37 21 65 39 32 24 13 22 59 46 2 58 36 33 44 66 6 9 38 8 17 31 70 
LP_Opt:4
Rounding: 4
SLF Integral: 4

1 25 37 33 18 40 4 7 59 45 35 19 23 38 8 30 67 60 11 51 32 65 56 31 57 29 58 24 27 15 41 26 44 48 20 12 53 46 69 14 17 9 68 64 6 10 22 50 61 5 47 43 13 55 34 42 52 39 2 66 28 36 21 16 63 49 3 62 54 70 
LP_Opt:4
Rounding: 5
SLF Integral: 4

1 7 44 22 64 68 59 14 50 39 37 5 25 46 40 58 28 65 38 47 3 17 67 21 6 16 2 10 52 19 42 63 57 4 36 62 34 26 69 12 53 15 66 41 13 51 56 35 8 11 30 61 45 49 55 20 31 29 32 23 9 33 60 18 48 43 27 24 54 70 
LP_Opt:4
Rounding: 5
SLF Integral: 4

1 66 42 7 21 9 11 59 51 22 52 61 47 16 2 69 68 53 46 14 49 4 6 31 27 38 19 67 10 34 29 15 35 26 44 62 33 20 56 41 30 36 63 5 55 48 23 8 58 13 40 39 18 65 25 17 64 24 50 28 54 60 57 3 37 45 12 32 43 70 
LP_Opt:5
Rounding: 5
SLF Integral: 5

1 3 61 64 43 12 23 68 14 56 52 33 47 16 11 38 65 21 7 69 22 57 8 66 26 24 20 37 46 32 39 25 19 44 2 63 54 40 60 55 27 45 30 4 41 18 31 5 35 28 36 6 15 53 62 13 42 29 34 10 50 67 59 17 58 9 49 48 51 70 
LP_Opt:4
Rounding: 7
SLF Integral: 4

1 13 56 65 35 43 51 29 17 31 62 23 61 44 68 28 10 36 18 52 25 47 41 27 20 5 64 55 63 46 33 67 9 57 59 66 14 6 69 48 4 3 50 53 30 24 49 26 60 32 34 22 7 2 58 15 39 37 8 38 45 54 21 42 11 16 12 19 40 70 
LP_Opt:4
Rounding: 6
SLF Integral: 4

1 31 21 50 64 47 61 18 34 19 65 53 45 63 28 60 11 23 5 10 12 41 58 66 3 43 37 2 6 25 16 68 13 52 40 26 30 15 36 29 46 67 42 32 57 59 22 14 62 27 44 17 49 38 33 55 48 69 56 7 4 24 54 35 51 9 8 39 20 70 
LP_Opt:4
Rounding: 5
SLF Integral: 4

1 55 21 4 11 29 19 52 22 56 9 61 33 63 8 28 6 60 15 17 5 54 32 31 37 36 3 47 67 14 69 43 23 41 45 65 10 64 30 46 62 68 57 48 24 58 20 40 18 25 59 27 2 13 51 42 7 38 53 50 49 66 26 35 34 44 16 39 12 70 
LP_Opt:4
Rounding: 7
SLF Integral: 4

1 57 37 2 40 65 49 30 44 59 52 31 9 28 27 19 23 8 67 16 15 38 51 69 17 4 54 18 55 64 32 10 50 43 35 20 53 12 45 58 29 36 46 26 6 68 41 33 25 63 3 14 21 60 7 42 66 62 5 56 34 24 61 13 22 11 47 39 48 70 
LP_Opt:4
Rounding: 4
SLF Integral: 4

1 32 57 24 39 31 44 30 67 22 52 59 29 19 5 56 58 35 8 27 38 2 36 63 10 20 40 9 68 21 49 54 42 11 64 47 51 28 34 6 17 16 62 15 4 50 33 41 12 46 45 61 60 26 3 37 14 48 23 18 53 43 65 55 13 25 69 66 7 70 
LP_Opt:4
Rounding: 4
SLF Integral: 4

1 15 65 57 44 32 47 20 22 6 59 19 17 30 16 31 26 54 36 52 64 61 37 29 49 60 35 9 66 11 2 42 12 14 41 50 48 7 38 10 33 69 21 55 51 58 63 53 68 39 46 23 3 25 40 27 43 24 34 5 67 45 28 13 62 4 8 18 56 70 
LP_Opt:4
Rounding: 5
SLF Integral: 4

1 52 38 49 33 45 30 35 53 41 24 11 58 27 25 56 60 50 46 63 55 2 9 69 21 14 4 67 31 3 16 15 43 48 66 36 32 39 37 6 34 12 5 10 20 64 61 8 40 7 22 68 23 62 42 29 44 57 59 18 17 54 51 19 13 47 65 28 26 70 
LP_Opt:4
Rounding: 5
SLF Integral: 5

1 58 7 37 10 48 51 35 44 6 67 14 60 68 65 21 34 40 22 24 2 12 8 61 16 62 38 27 43 26 54 52 17 25 32 63 36 4 49 47 42 59 23 64 3 31 15 57 45 53 5 66 33 50 55 28 41 30 19 13 56 39 20 69 46 11 9 29 18 70 
LP_Opt:4
Rounding: 5
SLF Integral: 4

1 31 43 45 7 38 65 25 66 29 68 57 9 55 33 26 69 61 49 14 11 42 12 60 16 21 17 37 54 36 52 62 10 47 46 56 13 8 2 22 24 67 35 59 28 44 20 6 64 32 18 5 50 40 34 27 15 19 3 58 30 39 53 4 23 48 51 63 41 70 
LP_Opt:4
Rounding: 6
SLF Integral: 4

1 32 52 31 47 25 15 14 48 12 16 18 5 43 50 10 29 20 67 58 17 37 41 26 39 38 7 55 3 28 49 64 44 65 57 22 35 61 21 11 27 59 6 30 53 8 63 60 68 66 23 9 51 24 34 42 19 40 46 33 13 69 45 54 36 56 4 2 62 70 
LP_Opt:4
Rounding: 5
SLF Integral: 4

1 41 50 28 12 3 53 40 66 68 63 67 33 14 43 32 31 55 54 24 19 37 47 36 49 27 48 26 65 11 25 64 8 69 62 15 58 2 10 13 38 22 16 7 60 34 51 39 42 5 44 29 57 20 61 59 46 56 23 52 30 45 18 9 17 4 21 35 6 70 
LP_Opt:4
Rounding: 7
SLF Integral: 4

1 33 8 20 47 43 22 19 11 48 30 49 39 36 31 65 53 7 10 28 52 32 67 12 29 21 3 5 40 42 41 37 13 25 62 56 27 26 68 15 50 14 2 58 38 61 46 23 57 16 59 44 66 69 63 51 55 17 9 6 64 18 34 24 45 60 35 4 54 70 
LP_Opt:4
Rounding: 5
SLF Integral: 4

1 23 34 51 61 59 49 52 19 8 27 18 45 30 53 11 10 35 24 22 2 31 64 21 17 15 14 46 58 43 7 36 44 28 50 4 9 5 26 29 32 41 57 33 66 38 56 63 62 67 54 48 37 39 55 65 69 16 20 13 3 12 42 6 60 68 40 25 47 70 
LP_Opt:4
Rounding: 5
SLF Integral: 4

1 66 13 22 20 49 54 9 25 18 64 37 36 46 51 4 60 26 68 63 48 30 15 28 11 40 67 52 19 58 12 34 43 32 69 27 21 47 24 8 41 35 29 23 39 65 33 61 7 16 10 56 3 55 53 59 44 17 14 45 42 2 62 6 50 57 5 38 31 70 
LP_Opt:4
Rounding: 5
SLF Integral: 4

1 22 61 19 44 33 18 54 13 69 46 40 38 28 17 15 59 48 23 56 11 31 3 16 6 35 47 21 14 49 29 52 43 45 41 53 8 27 10 62 36 25 51 20 7 58 4 24 57 32 37 30 55 50 39 34 68 64 2 26 65 67 5 9 42 66 63 60 12 70 
LP_Opt:5
Rounding: 6
SLF Integral: 5

1 66 57 47 17 67 42 63 62 4 22 21 43 11 60 55 45 2 23 46 8 18 5 35 6 34 15 26 9 65 50 54 59 39 48 64 20 10 32 68 7 44 13 33 40 16 56 58 12 36 28 27 29 53 61 51 37 3 52 19 41 38 14 49 25 31 24 69 30 70 
LP_Opt:4
Rounding: 5
SLF Integral: 4

1 51 55 3 65 28 21 52 44 20 53 5 9 26 22 60 30 48 16 7 12 19 2 40 33 29 47 62 4 66 15 18 39 10 43 57 42 63 17 68 25 32 35 58 56 50 64 11 23 31 45 69 49 13 6 8 14 54 46 36 24 67 27 41 34 61 38 37 59 70 
LP_Opt:4
Rounding: 5
SLF Integral: 4

1 51 57 52 7 44 48 26 28 21 43 64 38 47 5 56 35 40 67 62 2 49 30 18 4 31 36 34 46 22 63 55 24 27 69 53 32 65 45 37 17 39 33 23 6 9 54 50 58 3 15 11 16 12 25 20 60 59 42 61 14 68 13 8 10 41 19 29 66 70 
LP_Opt:4
Rounding: 4
SLF Integral: 4

1 7 15 6 32 69 39 43 53 45 52 8 19 48 67 46 34 20 68 28 49 51 56 44 33 29 16 27 17 22 42 23 54 10 25 37 50 21 26 66 9 58 61 31 38 55 14 12 41 36 11 5 65 64 2 60 4 3 40 30 57 59 13 35 47 62 18 24 63 70 
LP_Opt:4
Rounding: 4
SLF Integral: 4

1 39 59 53 61 52 7 21 54 60 18 45 49 5 23 33 38 42 26 19 13 34 67 58 64 40 62 36 12 37 3 27 47 63 57 55 10 32 56 11 31 22 2 50 6 9 46 8 15 69 30 28 17 66 29 68 44 4 41 51 65 48 25 20 14 16 35 24 43 70 
LP_Opt:5
Rounding: 5
SLF Integral: 5

1 68 45 13 46 40 24 62 32 47 34 38 59 50 52 3 67 10 58 39 2 43 42 16 61 37 14 9 64 57 55 60 30 56 22 12 25 5 44 63 33 41 65 26 36 31 4 21 27 7 29 8 69 6 49 19 17 53 48 35 66 18 23 11 54 51 15 20 28 70 
LP_Opt:4
Rounding: 5
SLF Integral: 4

1 44 10 62 67 49 66 59 5 36 20 60 27 56 18 48 4 58 37 21 11 17 29 3 57 25 8 50 69 2 65 40 63 68 12 7 31 15 42 13 22 39 45 33 6 32 54 41 23 9 61 28 53 47 34 24 26 30 19 55 14 35 38 16 46 64 52 51 43 70 
LP_Opt:5
Rounding: 6
SLF Integral: 5

1 65 20 15 23 53 27 16 62 33 61 50 58 12 66 48 43 57 30 29 64 42 51 10 8 60 28 17 25 52 13 63 31 41 24 11 32 3 19 68 9 7 59 38 4 35 22 39 56 49 69 40 45 37 14 18 55 46 44 67 2 21 36 54 47 34 5 26 6 70 
LP_Opt:4
Rounding: 4
SLF Integral: 4

1 24 65 8 10 35 49 47 38 53 36 29 68 42 28 2 19 55 37 62 34 3 59 61 6 33 40 69 67 32 46 50 56 63 51 12 64 45 4 11 5 58 17 15 43 48 57 16 66 21 23 27 31 26 20 39 9 22 14 18 30 25 13 7 44 60 41 54 52 70 
LP_Opt:4
Rounding: 6
SLF Integral: 4

1 34 61 67 45 37 59 24 52 47 12 33 41 10 53 65 3 38 26 43 55 21 6 8 54 66 14 28 22 36 19 2 35 68 25 7 48 62 5 49 32 42 46 13 39 17 27 18 23 57 63 4 15 44 29 58 40 64 31 9 60 69 11 50 16 20 56 51 30 70 
LP_Opt:4
Rounding: 5
SLF Integral: 4

1 62 56 3 43 69 9 39 4 51 28 16 54 40 47 65 38 22 49 41 7 57 30 33 29 60 37 66 55 12 18 14 58 13 64 27 21 31 59 63 68 67 35 25 23 53 36 11 34 2 17 61 20 48 26 52 8 24 44 19 50 46 45 10 32 6 42 5 15 70 
LP_Opt:4
Rounding: 6
SLF Integral: 4

1 54 50 60 21 2 18 8 16 39 44 37 28 32 51 5 20 23 59 45 65 36 10 48 26 15 49 40 25 35 6 9 11 3 24 61 57 62 17 66 4 30 53 22 19 14 67 27 63 33 52 64 55 46 68 31 41 43 56 12 47 7 42 69 29 13 38 58 34 70 
LP_Opt:4
Rounding: 4
SLF Integral: 4

1 42 34 13 60 43 52 8 39 50 27 14 48 25 16 19 2 59 20 69 67 6 23 4 33 17 5 62 58 55 29 22 61 15 57 9 7 68 49 66 30 53 37 51 24 31 41 32 36 10 54 56 40 18 35 45 21 28 46 26 3 63 44 38 11 47 65 12 64 70 
LP_Opt:4
Rounding: 6
SLF Integral: 4

1 32 34 8 28 51 25 53 18 17 58 40 21 9 19 38 24 35 56 33 36 39 6 22 65 5 42 20 12 7 23 26 31 67 37 30 13 63 46 4 59 44 47 49 60 27 14 62 68 54 3 2 69 41 48 29 16 61 45 66 64 10 55 43 15 11 57 50 52 70 
LP_Opt:4
Rounding: 5
SLF Integral: 4

1 17 38 32 22 16 52 21 20 3 9 68 49 34 28 69 13 5 47 36 63 53 8 7 29 57 50 44 51 24 26 10 43 41 64 61 60 18 56 58 39 6 33 65 54 31 23 48 46 40 35 15 67 4 25 12 42 45 66 62 59 2 37 19 27 30 11 14 55 70 
LP_Opt:5
Rounding: 5
SLF Integral: 5

1 66 65 36 16 40 25 7 56 29 10 45 41 28 34 38 64 50 68 4 69 32 37 2 49 59 67 60 47 26 61 17 11 24 8 19 3 51 9 21 39 12 6 43 63 27 13 46 58 14 33 55 23 31 48 18 62 44 5 22 52 54 42 53 20 30 57 35 15 70 
LP_Opt:4
Rounding: 4
SLF Integral: 4

1 63 16 61 12 20 27 30 38 22 15 23 43 69 13 21 14 53 8 36 50 56 4 55 26 31 65 45 41 19 2 49 60 57 24 48 39 3 5 66 47 7 29 51 9 44 68 40 54 58 64 17 34 37 67 25 46 32 28 33 35 59 11 62 42 10 52 18 6 70 
LP_Opt:4
Rounding: 5
SLF Integral: 4

1 61 43 34 49 31 55 5 8 6 56 21 37 32 44 47 52 17 54 22 3 16 23 12 51 63 25 7 24 15 38 57 10 36 26 11 50 66 65 46 53 30 68 29 42 9 45 64 60 2 59 4 40 62 27 19 35 18 39 69 58 13 41 33 48 14 20 67 28 70 
LP_Opt:4
Rounding: 5
SLF Integral: 4

1 6 3 54 29 33 2 38 12 20 13 16 59 15 49 65 17 57 19 61 37 69 32 36 22 46 25 28 67 43 9 8 40 24 68 56 51 39 18 41 55 5 23 31 14 27 63 60 50 62 45 48 35 26 44 7 52 47 53 10 58 30 66 34 11 42 64 21 4 70 
LP_Opt:4
Rounding: 5
SLF Integral: 4

1 15 54 67 17 7 56 41 8 63 27 57 5 18 2 59 30 53 44 39 48 36 21 50 23 62 37 46 13 45 58 20 35 64 52 61 66 26 25 43 11 68 65 49 32 51 24 34 19 16 60 10 47 69 55 31 4 3 38 33 28 12 42 6 14 29 9 22 40 70 
LP_Opt:4
Rounding: 4
SLF Integral: 4

1 51 31 60 64 40 19 10 24 39 38 14 53 42 63 59 15 68 43 57 50 48 12 3 32 49 61 6 55 58 17 45 34 66 26 28 30 27 35 62 23 25 65 41 20 7 37 29 21 33 16 69 18 36 9 4 56 46 8 22 2 11 5 54 47 67 13 52 44 70 
LP_Opt:4
Rounding: 5
SLF Integral: 4

1 61 12 32 14 28 53 27 42 18 23 5 69 33 25 57 26 38 44 40 3 11 21 47 43 41 46 65 48 35 68 49 30 67 62 24 4 2 22 29 36 15 8 10 9 52 56 39 20 51 54 17 55 58 16 34 64 19 31 59 37 7 45 6 63 60 50 66 13 70 
LP_Opt:4
Rounding: 6
SLF Integral: 4

1 53 25 16 29 20 28 55 23 14 68 12 52 18 3 33 22 21 27 63 36 60 44 62 30 5 2 48 8 43 65 26 7 61 34 19 6 41 9 66 45 58 31 47 49 4 46 67 64 59 10 54 17 69 11 39 57 15 50 24 13 56 51 38 40 37 42 32 35 70 
LP_Opt:4
Rounding: 4
SLF Integral: 4

1 43 48 16 4 8 51 47 18 57 10 68 44 12 38 29 32 64 40 21 14 58 41 26 65 36 27 17 33 59 28 30 46 63 49 60 55 62 15 35 7 67 39 23 22 52 5 53 31 54 42 11 50 6 9 66 61 34 13 20 25 24 69 45 37 3 19 2 56 70 
LP_Opt:4
Rounding: 5
SLF Integral: 4

1 64 36 54 5 50 14 48 34 37 69 52 31 67 40 11 42 15 18 55 12 2 58 60 10 56 46 66 44 68 51 29 63 49 21 6 28 23 47 9 7 41 38 35 22 27 59 53 43 33 20 17 16 32 65 19 39 13 3 61 8 45 4 26 25 62 30 24 57 70 
LP_Opt:4
Rounding: 5
SLF Integral: 4

1 62 5 33 29 53 50 57 35 69 32 40 8 48 42 13 46 18 15 31 59 23 63 7 4 39 51 6 44 9 43 52 2 20 30 3 68 10 67 55 49 19 25 65 22 17 24 56 41 16 66 36 27 12 45 34 47 26 21 60 14 61 11 58 37 64 38 28 54 70 
LP_Opt:4
Rounding: 5
SLF Integral: 4

1 6 41 25 40 22 18 3 31 58 19 7 28 68 66 30 20 15 24 29 17 10 59 51 21 37 49 48 12 32 50 35 23 56 39 46 14 69 5 11 54 38 44 43 47 57 42 67 13 16 62 9 65 60 64 53 4 52 2 63 61 55 26 33 36 45 34 27 8 70 
LP_Opt:5
Rounding: 5
SLF Integral: 5

1 12 63 45 34 4 10 60 5 15 35 11 9 47 39 69 2 18 62 42 26 17 23 66 7 48 32 46 33 28 54 38 21 49 16 24 29 61 56 3 27 55 20 19 36 51 25 43 37 13 59 52 40 22 67 8 44 53 50 64 68 14 57 30 58 65 31 6 41 70 
LP_Opt:4
Rounding: 4
SLF Integral: 4

1 11 44 16 15 8 50 9 31 35 55 53 48 7 21 49 19 69 62 20 38 27 4 60 18 56 34 17 23 25 42 28 30 33 54 32 52 45 64 61 66 24 5 68 37 41 47 36 22 63 12 14 10 57 46 51 29 43 39 58 65 59 13 2 40 6 67 3 26 70 
LP_Opt:4
Rounding: 4
SLF Integral: 4

1 59 18 22 11 42 10 32 43 7 48 36 64 57 6 62 66 56 37 27 8 38 53 60 26 47 25 35 4 41 55 14 19 63 34 17 24 12 9 50 67 28 39 3 45 40 5 33 54 52 49 46 23 31 21 51 69 29 13 16 20 15 68 2 44 30 61 65 58 70 
LP_Opt:4
Rounding: 5
SLF Integral: 4

1 69 61 54 45 35 24 3 43 26 25 13 49 58 28 67 11 59 18 57 16 15 56 64 6 20 53 32 9 23 29 10 68 39 52 17 55 44 22 4 37 36 63 41 19 27 60 12 51 7 65 31 46 42 48 66 33 8 40 30 50 5 62 38 21 2 14 47 34 70 
LP_Opt:4
Rounding: 5
SLF Integral: 4

1 33 16 25 9 43 39 18 35 45 57 41 54 13 47 55 50 58 5 3 12 46 66 8 49 32 36 17 53 6 51 67 22 38 20 42 26 34 15 37 28 31 7 11 69 40 2 52 4 23 59 48 56 60 65 44 30 64 61 10 27 63 14 29 24 19 62 68 21 70 
LP_Opt:4
Rounding: 4
SLF Integral: 4

1 45 5 44 8 16 61 30 33 36 38 53 15 51 25 68 48 43 28 17 58 47 9 21 6 37 19 55 14 69 23 64 63 60 22 50 3 66 59 29 31 49 32 52 41 46 20 24 11 4 56 27 10 35 57 40 42 65 13 18 54 67 34 39 62 7 12 2 26 70 
LP_Opt:4
Rounding: 7
SLF Integral: 4

1 51 43 41 68 66 21 60 6 38 65 37 42 16 50 62 48 4 54 12 35 47 40 45 28 61 5 7 52 26 13 19 56 55 69 57 23 10 18 31 64 20 63 59 49 32 3 14 34 2 22 11 53 46 30 8 44 27 67 15 29 33 36 58 25 24 39 17 9 70 
LP_Opt:5
Rounding: 5
SLF Integral: 5

1 43 32 14 29 39 54 26 49 69 41 57 25 33 20 40 6 5 12 60 65 67 7 47 13 21 36 17 63 27 4 42 61 68 23 51 37 66 28 24 18 48 45 11 56 53 64 30 8 34 44 59 19 16 55 58 46 9 2 31 15 10 38 22 3 52 62 50 35 70 
LP_Opt:4
Rounding: 5
SLF Integral: 4

1 9 51 8 28 10 55 23 5 4 67 54 34 50 65 48 24 62 69 53 49 35 60 43 59 21 37 18 3 11 63 22 26 46 20 39 6 44 30 32 41 47 61 64 45 29 13 36 66 16 2 31 7 38 58 52 15 12 42 33 17 19 68 40 14 25 57 27 56 70 
LP_Opt:4
Rounding: 4
SLF Integral: 4

1 59 32 56 24 29 3 52 5 22 68 10 44 40 20 17 16 47 30 41 28 25 14 51 36 39 63 65 67 4 34 45 19 50 69 7 31 33 9 48 62 49 12 42 60 43 46 13 6 27 38 54 26 11 57 15 8 35 2 61 58 53 64 21 23 66 55 37 18 70 
LP_Opt:4
Rounding: 4
SLF Integral: 4

1 13 41 11 17 21 46 36 25 6 45 61 16 2 49 65 34 58 3 30 55 29 35 14 64 63 48 43 39 28 23 57 22 62 4 67 53 8 44 59 47 33 68 26 69 31 5 10 51 24 20 54 32 38 27 52 37 40 18 7 19 42 9 50 60 12 15 66 56 70 
LP_Opt:4
Rounding: 4
SLF Integral: 4

1 5 2 12 41 3 31 16 18 38 48 54 50 46 36 8 4 30 32 23 39 62 57 6 67 52 22 9 21 34 40 56 33 55 17 68 11 28 37 64 63 19 49 45 42 20 60 10 69 51 53 26 43 7 66 61 15 24 14 27 35 65 59 13 47 58 29 44 25 70 
LP_Opt:4
Rounding: 4
SLF Integral: 4

1 38 52 23 25 28 55 46 3 66 47 24 17 43 69 27 19 12 68 36 49 32 41 50 34 8 22 42 7 13 4 2 35 6 40 33 58 11 30 65 21 26 29 10 31 18 9 39 64 5 14 67 45 57 62 51 16 20 15 61 59 63 54 53 60 37 48 44 56 70 
LP_Opt:4
Rounding: 7
SLF Integral: 5

1 68 54 15 58 42 52 3 13 61 21 7 56 18 43 11 10 24 53 47 55 19 49 63 31 9 26 28 60 29 37 64 51 34 65 14 35 62 23 66 16 45 39 25 44 27 48 30 22 59 57 50 6 46 33 2 38 69 8 40 67 41 5 4 17 36 20 32 12 70 
LP_Opt:4
Rounding: 4
SLF Integral: 4

1 8 65 23 34 54 57 40 22 53 52 60 14 4 31 6 29 58 56 47 10 3 69 30 24 66 35 15 20 50 32 11 59 7 25 2 48 13 27 49 19 16 38 67 17 21 62 43 51 36 68 26 41 12 9 45 33 46 39 64 18 63 37 55 5 61 44 28 42 70 
LP_Opt:5
Rounding: 6
SLF Integral: 5

1 51 12 52 8 38 31 7 23 35 58 34 15 27 62 56 60 65 10 16 53 61 24 26 17 59 2 33 25 30 67 44 13 68 28 20 43 21 46 4 39 47 9 48 55 36 11 32 41 6 29 54 22 5 37 19 14 18 45 64 66 57 3 40 49 69 42 50 63 70 
LP_Opt:3
Rounding: 3
SLF Integral: 3

1 5 14 45 62 27 2 34 7 24 40 63 37 54 21 59 28 23 53 52 17 26 44 57 49 46 19 60 4 9 50 32 22 33 10 12 31 16 11 69 64 42 66 13 67 30 29 48 25 61 56 58 65 41 51 68 36 20 39 18 3 47 55 35 43 6 15 8 38 70 
LP_Opt:4
Rounding: 5
SLF Integral: 4

1 21 40 45 7 37 48 22 57 19 42 8 44 43 14 46 69 11 55 20 9 39 68 32 36 10 28 53 61 18 34 38 35 66 16 41 13 62 31 60 29 64 5 2 24 4 33 30 54 52 59 67 27 12 50 65 26 23 47 63 56 51 3 15 25 6 58 49 17 70 
LP_Opt:4
Rounding: 4
SLF Integral: 4

1 12 52 22 58 38 11 24 34 20 67 2 64 21 39 28 30 56 8 55 44 65 61 49 54 6 15 47 13 57 51 48 17 60 18 66 69 42 29 37 46 25 23 3 35 50 36 33 62 53 31 63 43 45 59 68 27 41 7 26 9 32 14 10 4 19 16 40 5 70 
LP_Opt:4
Rounding: 5
SLF Integral: 4

1 43 38 28 26 37 60 68 58 27 45 8 59 24 52 5 9 34 36 55 22 64 69 67 46 25 66 15 54 41 57 53 33 3 44 7 51 65 12 17 63 6 29 4 14 56 31 39 21 13 23 18 42 20 2 61 19 16 32 48 40 49 62 30 10 50 47 11 35 70 
LP_Opt:4
Rounding: 5
SLF Integral: 4

1 20 42 8 10 56 30 46 68 60 27 49 41 52 57 66 15 9 14 22 58 61 24 51 12 3 35 13 23 19 47 16 7 18 53 11 2 21 6 39 28 34 59 44 63 4 55 45 36 5 43 25 69 40 38 17 26 64 31 37 33 32 54 62 48 65 29 50 67 70 
LP_Opt:4
Rounding: 4
SLF Integral: 4

1 17 33 53 32 46 22 60 48 64 41 62 44 55 13 45 36 11 51 16 18 3 67 37 57 66 10 40 50 25 68 7 49 27 6 47 38 5 43 23 35 54 52 14 65 2 31 8 69 42 58 26 15 12 63 21 56 24 39 29 9 28 34 19 61 30 4 20 59 70 
LP_Opt:4
Rounding: 4
SLF Integral: 4

1 65 58 61 14 32 69 52 24 27 49 35 22 68 3 28 47 13 34 21 16 39 20 51 2 44 29 40 57 42 64 12 11 54 9 36 7 50 67 41 63 53 33 10 19 8 46 60 18 17 26 56 37 43 25 6 4 66 48 5 31 15 38 55 45 23 30 59 62 70 
LP_Opt:4
Rounding: 6
SLF Integral: 4

1 24 6 35 46 41 37 58 68 36 11 7 66 57 69 12 26 14 45 16 50 32 8 15 28 49 38 55 9 56 34 47 2 52 13 31 25 51 30 4 17 20 54 53 33 29 23 22 10 27 19 44 3 64 5 48 60 63 61 42 65 18 59 62 40 21 43 67 39 70 
LP_Opt:4
Rounding: 7
SLF Integral: 4

1 5 45 7 43 54 24 33 44 42 49 14 29 10 36 58 30 38 35 3 60 64 39 15 61 21 19 50 59 69 37 22 9 67 62 31 51 55 8 2 23 17 40 20 52 4 18 41 65 12 16 57 46 13 32 26 53 47 25 68 34 48 66 63 28 56 11 27 6 70 
LP_Opt:5
Rounding: 5
SLF Integral: 5

1 31 8 64 66 22 53 3 65 27 29 46 44 20 2 15 36 67 58 28 26 49 56 69 4 50 54 21 18 61 38 63 7 68 37 34 10 48 25 9 23 39 13 45 24 55 17 51 57 59 40 6 35 43 12 52 14 47 32 62 5 19 11 42 41 30 60 33 16 70 
LP_Opt:4
Rounding: 5
SLF Integral: 4

1 50 38 17 13 39 6 18 64 63 28 58 56 15 60 2 19 48 66 44 31 42 59 69 65 33 29 5 7 57 62 10 21 35 68 52 46 67 54 47 20 11 43 37 41 45 24 36 12 40 4 3 61 27 14 8 26 34 53 30 49 22 9 23 55 32 51 16 25 70 
LP_Opt:4
Rounding: 5
SLF Integral: 4

1 51 47 33 58 31 62 65 4 32 36 11 56 2 64 50 34 66 7 5 26 69 16 12 40 45 30 6 37 13 60 53 18 3 59 8 67 57 52 48 38 49 14 24 20 54 22 35 44 63 10 43 68 41 23 19 55 9 42 39 25 15 28 61 46 21 17 29 27 70 
LP_Opt:4
Rounding: 6
SLF Integral: 4

1 16 21 60 45 52 68 4 23 53 11 26 29 62 46 56 15 37 19 22 7 44 14 34 3 33 42 5 55 66 12 64 40 69 51 8 47 50 63 2 39 38 13 36 49 54 17 27 58 57 10 43 59 48 24 41 32 31 65 6 25 20 67 9 18 28 35 61 30 70 
LP_Opt:4
Rounding: 5
SLF Integral: 4

1 48 43 62 61 13 60 14 42 68 7 66 5 35 21 31 19 69 24 29 57 23 50 41 46 32 11 51 10 17 6 59 40 39 9 53 49 27 22 65 8 2 28 18 36 30 20 44 38 64 52 37 3 47 58 56 63 26 55 54 16 4 12 34 15 33 25 45 67 70 
LP_Opt:5
Rounding: 6
SLF Integral: 5

1 66 68 5 15 50 3 51 31 13 37 14 30 25 23 41 34 58 9 20 11 33 12 40 22 56 32 35 17 57 26 19 49 55 39 18 43 2 8 46 4 52 24 69 63 59 27 29 53 16 60 7 64 47 36 10 62 6 38 42 45 21 67 65 48 61 28 54 44 70 
LP_Opt:4
Rounding: 4
SLF Integral: 4

1 42 65 40 56 26 46 14 58 54 52 5 31 33 39 28 34 53 9 38 62 44 10 17 37 12 64 36 4 19 41 50 22 25 43 55 7 47 49 45 15 29 68 66 6 69 57 35 23 61 11 21 2 32 24 27 60 48 63 8 59 18 51 30 67 16 20 3 13 70 
LP_Opt:4
Rounding: 5
SLF Integral: 4

1 68 40 17 67 61 28 13 63 5 18 48 66 49 42 20 50 31 52 32 35 60 64 39 65 9 26 6 36 59 30 37 53 25 56 55 43 33 46 69 57 38 11 45 47 14 62 41 23 4 54 15 51 10 24 7 21 2 19 29 3 27 34 58 44 22 12 8 16 70 
LP_Opt:4
Rounding: 4
SLF Integral: 4

1 45 17 64 68 23 67 31 37 29 65 2 18 25 48 58 42 24 26 61 69 15 43 39 60 51 22 62 14 11 66 5 16 35 56 30 50 59 47 4 12 38 28 19 9 36 63 3 55 44 49 10 41 13 34 6 20 40 33 53 7 57 52 27 21 54 8 32 46 70 
LP_Opt:4
Rounding: 5
SLF Integral: 4

1 38 2 29 42 7 20 9 27 60 40 50 59 65 15 67 5 49 18 55 53 48 32 56 64 3 39 16 37 52 35 13 10 33 4 14 57 6 63 34 61 68 25 36 8 62 21 17 69 44 22 12 30 11 41 58 51 66 54 47 19 31 24 28 45 26 23 43 46 70 
LP_Opt:4
Rounding: 4
SLF Integral: 4

1 6 28 14 19 21 50 52 34 44 65 49 42 35 38 67 25 59 58 27 40 61 39 37 31 41 63 3 15 54 30 68 16 9 13 56 2 66 24 18 29 48 8 36 4 26 32 23 20 62 60 17 47 33 69 7 10 5 12 45 43 46 64 51 53 55 11 57 22 70 
LP_Opt:4
Rounding: 6
SLF Integral: 4

1 38 14 50 9 44 52 41 3 37 21 6 30 28 48 2 5 16 26 67 66 63 22 29 34 69 45 4 54 62 65 59 12 18 32 57 27 31 35 47 58 49 7 53 11 46 56 13 23 19 15 17 51 64 43 40 39 20 60 8 25 55 24 33 36 61 68 10 42 70 
LP_Opt:4
Rounding: 4
SLF Integral: 4

1 21 13 39 65 61 19 50 2 56 53 12 34 10 26 51 36 43 25 44 31 29 66 68 46 28 11 63 62 47 24 17 52 55 54 37 69 9 3 64 49 32 23 42 38 18 40 35 41 59 48 5 4 8 58 30 7 67 57 60 20 22 27 33 15 14 16 6 45 70 
LP_Opt:4
Rounding: 5
SLF Integral: 4

1 8 23 36 33 12 21 39 3 20 46 26 41 59 13 48 65 4 50 7 9 56 32 18 24 54 62 29 66 2 27 47 15 57 64 63 43 61 60 14 19 55 11 53 30 10 35 52 42 31 37 68 6 38 17 34 40 51 25 22 28 67 16 69 45 44 49 5 58 70 
LP_Opt:4
Rounding: 5
SLF Integral: 4

1 55 69 60 28 47 15 27 21 63 14 52 7 61 45 36 59 65 67 13 38 6 22 39 34 42 3 66 46 41 48 23 35 4 29 40 51 62 17 8 25 12 16 68 10 50 53 57 33 2 44 54 18 64 20 58 32 31 37 26 11 19 56 43 49 9 30 5 24 70 
LP_Opt:4
Rounding: 5
SLF Integral: 4

1 15 7 69 28 67 3 36 31 17 64 26 47 5 25 59 10 61 21 43 55 29 32 65 23 54 13 57 30 51 18 62 33 44 48 35 24 60 4 63 8 27 39 6 46 41 45 53 40 37 52 12 58 19 16 22 2 66 50 34 49 14 42 20 68 38 11 56 9 70 
LP_Opt:4
Rounding: 5
SLF Integral: 4

1 20 42 5 19 27 10 60 29 35 43 67 13 64 69 39 54 3 65 17 52 33 16 55 14 7 46 56 12 41 47 30 61 66 68 62 22 18 6 45 34 11 59 49 51 9 58 53 15 25 38 31 24 21 44 32 50 63 36 57 37 48 23 28 26 4 2 40 8 70 
LP_Opt:4
Rounding: 5
SLF Integral: 4

1 57 22 35 12 40 18 36 33 38 11 66 56 26 39 25 31 51 4 53 60 68 59 32 27 47 17 69 49 45 58 10 28 34 64 30 67 20 16 14 8 65 62 37 15 43 29 50 55 9 46 48 7 24 2 21 5 52 61 42 13 19 41 63 6 23 44 3 54 70 
LP_Opt:4
Rounding: 6
SLF Integral: 4

1 47 67 4 40 27 10 26 69 35 38 58 24 52 6 48 44 33 15 63 53 17 51 3 13 31 21 42 11 7 62 28 66 36 49 55 61 41 32 12 30 65 60 43 23 64 68 16 50 39 20 57 2 29 45 5 46 37 8 25 54 22 9 56 19 14 59 18 34 70 
LP_Opt:4
Rounding: 5
SLF Integral: 5

1 32 4 47 51 55 65 26 2 25 44 40 14 41 16 33 29 31 46 3 6 11 8 45 39 64 54 42 36 35 56 12 38 13 63 21 18 20 17 52 50 23 66 58 61 30 49 9 57 24 28 53 60 7 62 68 5 27 43 15 37 22 19 34 67 59 69 10 48 70 
LP_Opt:4
Rounding: 5
SLF Integral: 4

1 26 24 13 40 69 43 41 66 37 47 20 18 42 57 29 10 5 52 12 17 39 2 16 27 59 64 56 49 35 67 36 44 61 63 11 50 60 15 38 21 31 34 54 4 65 8 14 48 45 23 46 25 62 30 7 19 3 9 51 22 28 53 68 6 33 58 32 55 70 
LP_Opt:4
Rounding: 4
SLF Integral: 4

1 34 19 25 49 43 17 45 11 30 29 3 37 4 42 47 54 53 62 10 56 27 69 39 24 55 46 36 65 35 41 57 52 63 21 38 48 5 9 40 16 20 31 58 23 22 68 60 33 59 51 2 12 67 61 26 14 64 18 15 28 6 32 7 66 50 44 8 13 70 
LP_Opt:4
Rounding: 5
SLF Integral: 4

LP_opt: 4,4,4,4,4,4,4,4,4,4,4,4,4,4,4,4,4,4,4,5,4,4,4,5,4,4,4,4,4,4,5,3,4,5,4,4,4,4,4,4,4,4,4,4,4,3,4,4,4,4,4,4,4,4,4,4,4,4,4,5,4,4,4,4,4,4,4,4,4,4,4,4,4,4,4,5,4,4,4,4,5,4,5,4,4,4,4,4,4,4,5,4,4,4,4,4,4,4,4,4,4,4,5,4,4,4,4,4,4,5,4,4,4,4,4,4,4,5,3,4,4,4,4,4,4,4,4,5,4,4,4,4,5,4,4,4,4,4,4,4,4,4,4,4,4,4,4,4,4,4,
Rounding res: 5,4,4,5,7,4,5,4,5,4,5,5,5,4,5,4,6,5,4,5,5,5,5,5,5,5,4,5,5,5,6,3,4,5,4,5,6,5,5,5,6,5,6,4,5,3,5,6,7,5,4,6,5,5,4,5,4,5,5,5,7,6,5,7,4,4,5,5,5,6,5,7,5,5,5,6,5,5,4,4,5,5,6,4,6,5,6,4,6,5,5,4,5,5,5,4,5,6,4,5,5,5,5,4,4,5,5,4,7,5,5,4,4,4,4,7,4,6,3,5,4,5,5,4,4,6,7,5,5,5,6,5,6,4,5,4,5,4,6,4,5,5,5,5,5,6,5,5,4,5,
Opt:5,4,4,4,4,4,4,4,4,4,4,4,4,4,4,4,4,5,4,5,4,4,4,5,4,4,4,4,4,4,5,3,4,5,4,4,4,4,4,4,4,4,4,4,4,3,4,4,4,4,4,4,4,4,4,4,4,4,4,5,4,4,4,4,4,4,4,5,4,4,4,4,4,4,4,5,4,4,4,4,5,4,5,4,4,4,4,4,4,4,5,4,4,4,4,4,4,4,4,4,4,4,5,4,4,4,4,4,4,5,4,4,4,4,4,5,4,5,3,4,4,4,4,4,4,4,4,5,4,4,4,4,5,4,4,4,4,4,4,4,4,4,4,4,4,4,5,4,4,4,

Max diff:3
Max factor:1.75
Mean diff:0.8333333333333334
Mean factor:1.206
