1 78 41 86 54 9 21 96 90 109 17 105 88 83 3 58 65 50 61 46 81 10 93 42 71 74 30 67 5 12 107 63 103 79 94 73 22 84 15 106 89 102 85 18 39 34 40 7 32 16 29 92 55 8 104 66 26 95 44 59 51 53 19 57 23 60 75 25 77 62 70 68 97 56 87 48 45 43 100 13 91 108 76 14 11 35 49 52 24 82 69 28 72 6 36 99 64 47 80 38 27 4 31 37 2 33 20 98 101 110 
LP_Opt:4
Rounding: 5
SLF Integral: 4

1 20 108 63 12 89 40 58 17 15 55 11 102 92 67 85 73 77 50 33 61 98 45 107 95 18 4 75 25 94 105 100 10 48 56 37 97 70 6 53 71 64 90 104 84 80 86 62 9 14 28 74 69 52 35 83 65 29 27 82 99 47 60 101 103 31 34 78 93 106 79 32 42 68 66 39 109 76 81 43 88 91 96 51 24 59 49 44 19 46 38 22 5 72 23 36 30 13 2 16 87 3 54 41 26 57 21 8 7 110 
LP_Opt:4
Rounding: 6
SLF Integral: 4

1 91 107 12 108 57 98 95 51 76 21 63 44 53 83 24 84 66 27 3 37 104 45 93 22 67 9 40 49 8 30 61 16 85 89 79 2 17 35 25 13 32 42 55 78 97 52 56 33 59 65 80 54 94 41 50 100 71 74 4 81 73 14 18 75 19 23 48 64 69 39 86 102 26 28 36 103 70 96 29 38 77 92 34 20 7 31 90 105 82 87 101 106 6 109 47 5 10 60 62 99 58 43 88 15 11 72 46 68 110 
LP_Opt:4
Rounding: 5
SLF Integral: 4

1 57 56 20 69 8 71 98 88 58 70 22 108 104 99 60 28 67 42 35 75 45 86 80 17 44 38 52 29 66 74 31 23 72 63 12 25 82 7 10 14 95 73 97 79 101 105 43 59 48 103 61 9 96 46 78 16 54 83 39 27 65 50 106 93 85 102 4 30 76 87 84 6 11 2 109 55 41 40 37 51 19 49 90 107 15 89 24 34 18 77 47 94 64 68 100 53 91 62 21 26 36 3 33 13 5 92 81 32 110 
LP_Opt:4
Rounding: 8
SLF Integral: 4

1 25 16 81 27 105 102 13 66 65 50 77 41 55 30 39 53 4 56 54 31 60 20 98 12 73 70 76 15 28 36 71 6 10 99 87 37 100 96 67 84 40 17 109 23 5 80 92 47 35 107 52 2 33 51 69 91 3 44 97 108 101 8 43 83 29 79 75 18 104 49 74 7 63 42 38 89 26 11 62 45 90 21 61 24 64 68 32 103 93 72 48 14 94 19 88 82 9 95 22 86 46 34 58 85 78 59 106 57 110 
LP_Opt:4
Rounding: 6
SLF Integral: 4

1 79 31 14 21 11 68 56 105 16 70 19 42 80 50 58 83 88 102 86 38 89 26 91 67 52 34 71 54 25 53 99 75 66 35 100 37 94 104 30 93 57 90 51 4 29 65 84 44 76 8 24 64 77 39 109 22 73 9 95 60 33 103 3 18 45 101 63 5 69 49 107 106 2 10 12 82 59 15 20 78 72 96 13 40 7 48 55 61 81 85 43 62 74 27 6 46 32 47 17 92 23 36 41 98 108 97 87 28 110 
LP_Opt:4
Rounding: 4
SLF Integral: 4

1 17 46 100 50 6 76 11 10 63 35 59 93 37 99 40 71 51 13 68 21 77 45 80 34 58 53 28 64 29 19 54 20 91 84 109 79 106 22 96 108 39 105 61 2 87 52 66 82 30 69 90 62 23 9 92 78 24 89 81 88 73 25 75 95 44 15 101 27 26 33 43 103 83 98 7 12 38 4 42 102 8 32 14 72 31 60 85 56 3 5 41 48 97 104 86 107 36 74 70 49 16 55 57 94 18 67 47 65 110 
LP_Opt:4
Rounding: 8
SLF Integral: 4

1 52 96 56 80 65 23 109 62 28 47 86 20 82 93 107 24 44 10 106 45 89 50 60 63 11 75 99 77 108 55 33 79 92 37 25 19 42 67 102 4 101 72 32 81 13 88 73 58 64 7 84 94 71 105 21 90 18 2 17 29 31 61 104 41 12 103 91 26 30 95 15 9 38 8 35 5 66 54 57 69 49 59 98 6 83 97 68 34 14 100 22 48 85 46 16 36 3 51 87 74 78 39 27 76 53 43 40 70 110 
LP_Opt:4
Rounding: 6
SLF Integral: 4

1 70 57 86 14 31 28 37 56 6 2 62 91 93 32 77 73 98 29 5 26 65 105 102 30 61 82 68 15 83 12 43 4 96 52 9 67 95 99 16 34 49 100 36 63 23 13 79 11 27 3 84 46 38 8 17 7 54 74 21 42 85 51 35 89 80 94 75 71 22 20 104 107 103 108 40 58 72 87 109 59 48 18 90 92 41 19 55 76 25 88 47 69 10 44 81 33 101 106 97 53 66 24 64 50 45 60 39 78 110 
LP_Opt:4
Rounding: 6
SLF Integral: 4

1 101 94 78 77 39 85 100 35 99 19 91 29 104 92 69 34 10 74 68 55 14 75 93 79 22 50 65 82 57 44 25 71 73 41 105 87 83 31 11 64 70 98 54 45 12 51 59 107 60 66 90 102 5 3 28 61 23 43 58 17 81 18 47 9 33 48 7 42 72 86 56 15 89 27 46 106 95 52 36 40 24 30 109 13 21 80 49 16 38 67 84 96 63 62 88 2 4 26 108 20 53 8 97 32 37 103 76 6 110 
LP_Opt:4
Rounding: 5
SLF Integral: 5

1 88 41 26 36 76 60 55 29 3 58 37 33 46 9 42 32 62 95 99 47 5 25 14 83 15 54 65 103 16 86 75 77 13 34 10 100 71 81 56 68 23 87 74 104 53 70 109 24 102 45 85 50 96 35 22 98 91 40 31 72 92 66 57 80 21 63 19 43 12 69 7 64 90 101 52 108 73 93 89 84 20 94 49 51 30 11 27 79 78 6 18 105 4 28 67 107 38 61 17 97 106 48 39 59 2 8 82 44 110 
LP_Opt:4
Rounding: 5
SLF Integral: 4

1 41 5 72 31 59 29 83 11 69 40 90 46 96 87 33 91 19 36 25 94 26 81 4 23 10 64 68 56 107 66 24 17 22 97 95 89 8 57 62 71 43 32 9 109 80 49 58 44 105 21 6 74 108 2 47 51 84 12 16 70 18 102 77 14 65 52 73 30 50 55 39 60 38 15 79 54 63 92 42 76 28 98 37 48 45 103 99 106 3 35 85 20 100 27 34 78 88 13 7 61 86 75 101 93 67 82 53 104 110 
LP_Opt:4
Rounding: 6
SLF Integral: 4

1 23 28 61 31 73 3 15 80 46 5 79 43 52 8 98 89 34 95 70 16 90 66 38 68 19 84 71 12 85 87 65 104 32 26 88 72 50 96 14 99 27 42 76 39 58 64 69 51 92 9 105 97 29 37 83 74 60 86 63 36 100 91 30 59 103 2 33 94 57 82 56 101 4 41 106 24 48 67 109 17 75 45 21 11 108 47 13 62 93 53 18 35 102 81 77 40 10 7 107 55 78 25 22 49 6 44 54 20 110 
LP_Opt:4
Rounding: 5
SLF Integral: 4

1 58 73 31 37 66 61 42 54 45 105 50 65 85 44 98 41 99 3 34 87 26 78 60 84 25 104 32 82 101 86 102 53 72 29 56 100 88 107 33 39 38 79 70 16 67 21 10 96 30 59 48 63 76 5 18 71 7 103 6 12 80 108 24 17 43 51 15 75 62 93 2 8 28 36 74 106 81 9 55 23 92 89 4 27 46 22 94 91 40 49 13 20 57 90 35 52 95 14 68 83 11 77 64 69 109 47 97 19 110 
LP_Opt:4
Rounding: 7
SLF Integral: 4

1 71 17 105 98 6 86 70 41 80 29 34 67 44 36 10 32 81 42 31 85 93 30 37 55 76 109 89 5 39 61 87 65 99 95 11 7 13 33 18 54 16 38 51 48 94 26 69 73 104 23 107 28 8 77 49 15 35 12 22 63 68 92 103 75 47 101 21 64 83 46 57 52 20 79 56 108 72 4 2 50 3 60 97 74 66 102 91 53 58 25 59 14 78 19 88 82 45 90 106 9 100 43 84 27 40 62 24 96 110 
LP_Opt:4
Rounding: 8
SLF Integral: 4

1 8 70 29 63 48 100 46 98 11 87 4 109 15 31 95 62 80 84 105 49 89 78 73 51 5 79 3 60 41 13 43 27 83 25 103 102 9 96 58 104 18 28 42 56 77 81 50 66 40 57 21 92 55 24 10 76 53 32 7 67 33 37 68 44 12 106 99 94 36 16 39 69 91 108 59 20 97 6 34 107 38 88 22 86 75 71 23 61 72 54 85 26 65 101 47 82 30 17 35 74 52 2 14 64 45 90 93 19 110 
LP_Opt:4
Rounding: 6
SLF Integral: 4

1 17 5 12 42 50 15 72 2 37 75 96 57 100 16 26 46 55 106 14 71 52 58 92 79 20 44 27 74 91 53 45 107 68 73 81 49 54 70 97 77 39 23 64 8 40 10 18 28 69 89 9 66 36 38 67 104 59 22 11 103 4 105 13 94 98 61 99 80 83 33 30 109 6 65 21 76 90 25 41 62 32 108 86 47 60 63 102 29 43 51 84 78 56 24 87 31 101 88 85 93 95 35 48 3 34 7 82 19 110 
LP_Opt:4
Rounding: 6
SLF Integral: 4

1 74 34 62 60 99 87 85 23 109 76 3 97 18 96 55 19 39 72 59 75 40 6 50 22 78 5 105 100 24 37 71 20 70 14 46 31 90 25 41 94 82 16 12 63 108 27 65 44 67 13 103 30 43 93 98 61 79 91 45 26 48 10 84 9 106 77 57 51 81 92 86 21 29 8 53 89 88 73 64 11 58 32 69 54 47 101 4 36 28 68 35 42 17 15 102 104 52 56 80 7 66 95 38 2 49 83 107 33 110 
LP_Opt:4
Rounding: 8
SLF Integral: 4

1 107 78 6 13 17 14 53 59 58 93 34 80 51 41 65 101 88 20 98 62 61 108 96 75 94 70 63 91 66 83 8 28 10 82 26 56 27 72 106 60 55 79 68 12 109 81 85 16 32 4 87 86 104 29 46 74 90 22 92 21 71 23 97 37 25 48 5 30 103 105 33 57 38 49 44 100 64 31 40 36 84 11 19 42 102 45 76 54 15 2 39 50 69 18 52 7 89 3 95 99 47 35 67 77 73 9 24 43 110 
LP_Opt:4
Rounding: 5
SLF Integral: 4

1 83 98 14 11 43 104 47 102 77 66 20 74 63 2 7 86 50 32 57 17 60 26 99 95 62 41 97 90 56 8 28 80 12 109 53 78 49 79 51 70 45 76 29 54 21 85 91 81 87 103 55 38 46 93 9 96 73 72 42 37 84 107 52 3 34 25 61 24 58 108 48 27 4 65 18 64 68 89 35 31 100 36 39 67 30 105 22 5 59 101 6 44 82 16 40 71 106 75 88 15 92 94 19 13 23 33 69 10 110 
LP_Opt:4
Rounding: 6
SLF Integral: 4

1 6 68 74 4 75 2 57 21 56 103 30 93 101 44 62 84 106 99 77 49 92 18 90 51 48 67 42 37 16 19 23 50 97 61 108 105 35 89 73 102 76 63 36 10 80 83 20 14 41 104 53 64 78 32 38 94 13 15 79 46 82 54 9 65 100 34 88 43 11 3 60 71 28 39 12 81 17 96 70 24 109 47 22 59 31 40 26 52 85 107 91 72 33 87 7 55 98 45 27 69 58 66 8 5 29 86 25 95 110 
LP_Opt:4
Rounding: 8
SLF Integral: 4

1 84 94 72 93 64 55 45 40 99 12 103 51 21 4 7 17 107 50 3 104 5 28 54 68 10 90 76 34 16 23 60 96 73 100 87 36 6 53 98 80 65 13 102 70 109 8 69 101 29 24 61 42 71 39 33 25 86 37 81 11 62 77 46 85 2 75 47 108 83 30 56 78 105 97 66 74 59 22 57 92 35 63 31 9 89 14 18 15 19 52 38 82 49 95 58 67 26 43 79 32 41 48 91 44 88 20 27 106 110 
LP_Opt:4
Rounding: 5
SLF Integral: 4

1 79 59 35 9 32 104 109 53 55 23 68 34 65 31 46 16 4 99 58 54 39 90 42 74 69 67 101 26 20 29 75 45 86 25 48 94 6 22 78 100 72 17 56 84 28 98 36 33 27 87 41 51 85 60 57 10 83 7 5 93 37 40 71 70 102 43 8 91 97 108 66 103 2 15 63 24 96 76 64 80 106 44 105 82 14 47 3 50 77 89 13 107 49 88 73 18 52 30 62 61 81 92 19 95 12 11 21 38 110 
LP_Opt:4
Rounding: 5
SLF Integral: 4

1 15 28 2 97 44 30 58 84 82 55 96 3 68 102 9 89 61 7 20 12 37 87 40 19 21 80 78 105 48 6 70 29 101 93 90 59 103 23 50 92 81 16 94 66 100 104 45 65 95 35 69 106 74 8 36 4 13 73 72 109 98 24 107 26 77 34 60 54 67 5 18 17 85 11 22 56 53 79 25 76 41 75 43 57 49 52 86 32 38 33 31 47 63 88 39 62 91 42 51 64 99 27 108 83 14 46 10 71 110 
LP_Opt:4
Rounding: 5
SLF Integral: 4

1 108 71 5 14 8 52 26 107 105 100 62 90 104 41 89 40 78 49 75 56 33 102 88 42 13 63 21 45 51 96 83 29 81 60 79 37 3 36 17 23 99 97 77 10 15 7 24 55 9 38 94 12 76 44 68 61 39 67 22 30 82 80 46 25 73 91 106 47 66 87 85 101 84 59 93 31 34 4 64 103 16 11 53 92 43 6 98 86 18 69 35 48 74 57 72 2 95 19 109 32 70 27 54 58 28 50 20 65 110 
LP_Opt:4
Rounding: 10
SLF Integral: 4

1 59 75 90 105 100 51 18 50 95 63 38 26 104 39 31 24 86 29 32 36 47 60 7 57 23 85 2 106 48 27 6 55 73 87 3 62 91 15 68 65 11 72 13 94 102 70 5 67 108 78 64 40 28 25 82 19 99 101 71 8 61 17 97 22 49 16 14 54 89 9 98 33 30 56 41 74 21 88 37 92 66 45 43 10 44 53 84 52 20 42 77 83 46 76 109 103 69 58 96 81 107 35 80 93 4 34 79 12 110 
LP_Opt:4
Rounding: 7
SLF Integral: 4

1 35 27 71 32 97 45 78 85 28 26 109 39 77 100 20 6 31 106 36 72 105 33 108 40 29 55 43 52 66 93 47 53 90 75 57 61 73 87 76 38 10 15 89 64 81 21 68 3 34 56 25 46 44 91 19 8 54 103 98 83 96 9 37 23 7 79 63 4 92 65 102 24 69 50 18 80 107 30 13 59 12 41 67 84 86 70 94 62 42 95 16 104 17 22 88 82 58 99 14 48 101 2 51 49 11 60 5 74 110 
LP_Opt:4
Rounding: 5
SLF Integral: 4

1 84 21 107 106 52 80 68 24 28 88 54 43 23 30 4 33 67 56 71 90 46 86 55 73 58 91 103 78 42 69 27 85 75 11 3 65 81 22 35 102 82 9 32 100 13 34 19 59 83 76 94 97 25 2 20 49 96 10 60 44 87 17 36 14 45 70 98 38 72 64 101 37 16 18 66 15 47 104 26 40 7 41 51 89 109 99 108 31 62 12 8 74 50 93 29 77 79 63 39 5 105 53 95 48 92 61 57 6 110 
LP_Opt:4
Rounding: 4
SLF Integral: 4

1 71 65 16 46 73 53 97 86 75 64 4 32 7 88 18 29 83 70 101 61 20 77 30 89 50 6 96 98 79 66 57 35 13 102 62 21 19 47 56 48 58 99 14 105 41 108 68 44 54 91 9 78 85 39 92 3 69 22 109 104 67 10 82 49 25 37 17 100 55 59 36 15 42 40 76 103 63 45 5 28 23 2 93 107 33 8 43 34 26 87 38 52 81 60 31 90 51 94 12 27 74 72 11 84 24 80 106 95 110 
LP_Opt:4
Rounding: 5
SLF Integral: 4

1 64 85 40 49 105 43 54 41 61 95 91 36 47 2 23 79 102 45 82 55 87 13 50 52 21 46 20 98 37 63 31 73 89 81 90 74 100 19 106 6 67 30 10 18 97 104 39 69 66 38 7 96 94 56 42 109 80 11 24 71 25 12 15 57 3 107 70 88 16 108 77 84 17 32 51 4 93 59 86 58 22 76 101 68 75 29 27 14 8 99 62 9 33 78 65 103 83 72 60 44 5 34 26 92 35 53 48 28 110 
LP_Opt:4
Rounding: 4
SLF Integral: 4

1 62 107 101 61 72 55 80 32 23 31 96 4 73 44 60 50 17 46 53 18 56 87 13 85 91 28 81 42 8 88 66 37 39 76 54 38 29 64 27 100 15 98 30 69 6 57 33 84 67 14 92 49 71 45 82 65 9 79 21 20 19 5 43 105 75 78 93 108 102 16 34 90 7 24 106 94 63 83 35 40 95 51 74 10 59 3 89 104 25 36 26 109 99 52 77 41 70 103 47 22 58 86 68 48 97 11 2 12 110 
LP_Opt:4
Rounding: 5
SLF Integral: 4

1 18 48 46 29 87 102 58 57 98 78 49 21 42 26 10 4 55 24 39 19 61 33 85 83 3 96 37 11 9 17 44 69 73 30 12 60 2 84 16 77 71 92 65 94 53 76 81 79 97 107 27 62 108 70 35 101 22 14 13 7 28 86 54 100 89 45 66 32 104 36 31 99 23 40 8 51 90 6 75 59 95 105 64 52 5 106 34 91 109 88 38 80 25 20 41 74 43 50 68 93 47 67 82 63 15 72 103 56 110 
LP_Opt:4
Rounding: 5
SLF Integral: 4

1 50 84 72 87 77 45 51 9 54 61 26 13 85 25 91 89 70 44 52 57 16 102 20 31 12 7 6 78 67 93 86 75 92 30 33 100 17 40 48 105 36 35 41 106 68 56 109 15 63 94 49 108 42 99 28 81 3 46 65 83 47 14 107 18 74 59 4 29 97 88 2 66 21 19 104 82 73 69 101 32 58 8 22 34 103 80 79 64 90 23 37 5 11 39 76 24 55 95 38 62 96 27 71 98 10 43 53 60 110 
LP_Opt:4
Rounding: 5
SLF Integral: 4

1 15 93 70 30 90 98 80 46 107 13 3 56 75 39 47 32 104 74 51 64 106 22 77 66 101 53 63 96 73 34 68 7 23 27 59 19 17 33 86 81 11 38 9 103 102 29 21 37 42 8 97 95 87 25 71 44 79 31 52 109 105 10 99 4 84 28 2 94 92 76 91 67 18 5 36 12 82 57 49 48 20 65 40 35 16 50 43 69 100 72 45 108 54 61 24 26 62 60 78 58 14 85 6 41 88 55 89 83 110 
LP_Opt:4
Rounding: 6
SLF Integral: 4

1 27 83 103 37 36 70 73 89 101 26 22 59 20 14 45 15 23 64 62 4 19 102 41 77 57 28 21 52 2 48 30 69 81 51 53 10 16 18 38 99 93 35 91 87 75 31 47 96 88 29 97 33 58 39 13 32 63 34 104 25 40 84 68 108 95 98 60 17 82 3 72 76 90 92 74 46 49 55 43 8 67 79 61 100 71 24 85 66 80 94 86 56 44 7 54 78 109 12 6 50 107 105 5 42 65 9 11 106 110 
LP_Opt:4
Rounding: 6
SLF Integral: 4

1 65 26 12 102 66 28 95 64 33 31 67 61 105 56 76 15 85 39 97 16 47 13 18 49 104 20 84 75 88 14 107 91 70 27 34 4 83 10 41 5 108 9 82 42 29 62 37 109 93 73 2 96 3 86 63 99 22 58 74 38 11 77 30 19 94 17 87 24 106 57 92 101 71 40 45 53 55 43 68 100 36 54 50 46 69 60 89 59 32 23 90 35 25 103 72 81 48 6 51 98 79 78 44 52 7 80 8 21 110 
LP_Opt:4
Rounding: 5
SLF Integral: 4

1 76 35 53 99 48 40 69 83 49 37 51 65 15 24 12 41 16 80 82 46 87 58 73 39 85 27 14 11 54 43 32 28 52 22 92 33 101 60 45 50 88 25 71 66 29 38 74 36 26 61 108 105 109 67 57 79 62 107 104 70 44 68 86 77 13 20 2 98 23 93 5 42 64 95 31 56 75 78 90 19 55 72 9 47 100 97 59 30 103 4 89 6 8 94 81 3 84 21 10 34 17 7 91 96 18 106 63 102 110 
LP_Opt:4
Rounding: 5
SLF Integral: 4

1 86 2 20 108 89 101 43 92 78 18 17 31 38 32 96 100 57 93 54 60 105 42 3 11 90 84 79 52 98 5 23 69 88 61 72 83 41 9 62 37 91 45 71 55 50 58 81 94 106 97 25 33 104 77 80 16 53 7 95 46 39 68 47 99 27 66 56 13 67 30 6 22 65 49 14 29 12 102 8 36 59 76 109 34 21 63 48 28 85 40 74 35 107 19 75 64 44 70 26 24 82 4 103 51 73 10 15 87 110 
LP_Opt:4
Rounding: 7
SLF Integral: 4

1 10 46 109 61 81 5 86 88 96 90 11 102 14 69 57 32 37 2 78 56 47 22 80 9 31 107 101 60 63 27 26 76 59 71 66 17 91 45 77 39 38 4 23 75 73 67 43 89 20 84 87 97 92 15 62 36 93 83 54 98 30 55 8 51 6 50 52 99 72 13 48 44 108 16 70 35 95 18 79 19 58 24 104 29 28 106 33 3 64 105 74 25 34 65 42 94 82 103 12 85 53 7 40 100 41 21 49 68 110 
LP_Opt:4
Rounding: 7
SLF Integral: 4

1 54 48 43 14 76 87 16 66 100 75 9 91 73 45 83 39 36 65 42 37 71 34 20 38 59 78 19 62 80 74 64 98 28 69 63 27 17 5 40 79 86 60 108 85 57 88 92 84 30 95 90 6 105 109 26 3 33 24 12 7 56 61 10 18 70 102 51 50 8 35 52 81 96 29 21 67 99 31 15 77 2 93 4 94 25 11 72 23 104 49 106 41 89 82 32 47 46 53 101 103 13 55 22 44 58 107 97 68 110 
LP_Opt:4
Rounding: 5
SLF Integral: 4

1 37 45 19 28 36 93 77 97 102 4 16 62 79 107 80 13 40 46 30 32 55 41 27 63 12 68 38 69 42 49 64 76 24 3 58 11 61 31 47 73 10 26 60 96 20 72 78 83 74 34 89 48 6 23 17 90 95 104 106 100 57 101 75 59 109 51 65 43 50 92 7 87 35 18 25 91 70 66 94 15 52 9 82 99 29 67 22 86 84 39 88 44 2 103 98 53 21 54 81 85 105 71 108 33 56 14 5 8 110 
LP_Opt:4
Rounding: 5
SLF Integral: 4

1 10 59 43 83 81 92 22 89 49 73 98 61 103 5 12 33 53 30 106 14 16 11 20 107 52 76 99 102 86 79 41 17 82 29 93 24 34 105 72 94 71 70 36 19 80 8 47 6 75 85 58 15 27 26 44 7 2 9 84 108 54 101 25 69 100 48 39 60 91 57 63 74 56 77 21 64 50 62 45 55 46 28 104 67 88 90 66 4 40 13 38 68 65 31 78 35 37 32 51 42 87 96 23 109 97 18 3 95 110 
LP_Opt:4
Rounding: 5
SLF Integral: 4

1 39 55 107 10 92 86 27 57 50 61 37 44 108 21 45 54 14 69 98 102 41 43 66 58 78 3 22 13 29 34 26 5 105 99 87 85 73 89 32 97 81 8 72 64 71 23 12 35 56 46 11 76 104 15 2 40 18 7 30 82 48 33 90 16 83 6 38 75 59 77 68 106 42 4 88 60 101 19 96 25 74 91 109 63 49 84 93 52 28 79 24 17 80 36 65 62 47 70 100 67 95 51 20 103 53 31 94 9 110 
LP_Opt:4
Rounding: 5
SLF Integral: 4

1 47 29 3 105 37 21 35 80 32 78 68 36 86 13 19 49 92 102 30 2 28 39 90 95 48 106 88 44 84 89 103 73 4 63 93 50 10 85 42 26 109 16 71 24 99 65 22 53 82 27 79 107 57 45 64 5 15 74 31 70 20 96 11 66 108 41 17 59 14 75 104 91 62 101 60 54 25 9 76 94 97 83 55 61 52 40 51 46 58 100 38 34 56 23 6 98 69 8 81 18 77 12 43 72 33 7 87 67 110 
LP_Opt:4
Rounding: 6
SLF Integral: 4

1 60 109 19 7 45 43 74 71 15 108 22 31 67 70 89 98 35 46 8 57 17 78 13 54 86 101 11 62 61 48 69 103 26 3 40 55 51 102 104 65 33 87 16 76 99 50 42 73 52 29 92 85 53 21 28 91 39 93 77 84 96 90 32 23 5 81 25 66 64 20 47 9 79 94 30 44 72 2 100 37 107 27 49 14 97 41 56 24 6 75 80 105 58 18 10 4 38 68 34 82 12 36 59 63 95 83 106 88 110 
LP_Opt:4
Rounding: 5
SLF Integral: 4

1 102 25 51 15 32 52 69 40 33 65 67 77 16 4 21 89 6 57 36 31 27 72 99 95 94 96 29 54 106 68 92 22 60 108 43 98 39 91 13 85 26 38 90 87 53 93 97 64 63 20 61 100 80 88 9 104 42 84 23 18 109 35 76 66 28 47 59 70 105 103 55 11 48 14 7 62 3 74 46 24 82 19 17 37 49 34 44 8 10 2 101 75 107 41 12 58 71 86 81 50 5 73 30 78 83 45 56 79 110 
LP_Opt:4
Rounding: 5
SLF Integral: 4

1 42 11 71 15 109 59 37 43 28 72 63 91 106 97 65 61 84 80 21 13 57 12 107 6 98 10 2 64 62 99 94 7 68 56 17 9 75 47 105 8 40 89 54 79 32 76 55 88 53 90 77 36 108 34 26 20 38 83 23 46 104 51 27 50 49 86 96 25 24 35 82 103 101 39 30 60 4 33 22 87 41 19 48 66 74 73 93 67 52 92 58 14 69 95 5 70 29 100 16 45 81 3 78 18 31 85 44 102 110 
LP_Opt:4
Rounding: 5
SLF Integral: 4

1 13 57 3 94 22 80 53 26 78 89 21 105 18 96 98 33 71 23 68 31 86 9 88 28 59 109 99 2 29 40 38 16 83 5 85 30 104 37 56 51 62 52 106 72 20 42 84 50 46 41 107 91 32 73 14 67 101 69 6 27 102 25 17 74 63 93 108 66 11 54 48 45 82 75 55 95 65 103 15 10 100 87 24 12 4 77 64 61 39 35 60 34 79 44 90 81 76 36 58 49 43 8 70 92 47 19 7 97 110 
LP_Opt:4
Rounding: 6
SLF Integral: 5

1 14 48 61 37 83 78 109 69 91 57 73 19 49 42 52 34 84 27 32 81 6 56 30 17 21 13 89 67 62 9 106 40 18 68 94 72 31 104 5 44 47 64 43 105 99 76 2 85 23 35 4 86 102 75 54 39 96 12 100 98 11 90 3 7 87 107 29 36 8 22 71 38 97 63 25 15 59 45 103 74 77 55 101 26 24 92 95 79 41 108 28 50 70 16 88 80 10 53 65 58 93 82 33 20 46 66 60 51 110 
LP_Opt:4
Rounding: 6
SLF Integral: 4

1 69 17 68 95 55 6 16 18 78 61 100 71 10 24 5 28 8 11 51 31 23 3 63 21 13 26 70 103 14 40 97 50 36 81 48 74 91 27 93 77 60 76 88 67 47 35 109 20 89 94 29 41 22 83 79 108 86 90 73 39 84 87 33 19 34 15 52 102 37 57 72 54 42 49 65 58 101 12 99 75 2 107 104 53 62 66 38 105 80 96 98 106 44 46 43 82 4 30 59 45 85 32 56 92 9 64 25 7 110 
LP_Opt:4
Rounding: 7
SLF Integral: 5

1 102 9 29 32 104 48 15 26 23 11 98 8 85 101 18 14 66 106 94 33 20 13 44 46 50 76 31 17 30 3 19 55 97 92 60 68 70 107 86 71 65 54 109 58 4 63 77 22 93 52 91 74 95 53 45 36 12 39 99 5 69 47 41 62 16 96 82 61 25 73 37 56 64 89 80 83 27 88 108 79 35 51 21 42 2 67 75 90 10 87 81 57 72 34 49 40 100 24 28 78 38 7 103 105 43 59 6 84 110 
LP_Opt:4
Rounding: 6
SLF Integral: 4

1 91 2 5 73 60 44 41 94 100 65 92 13 40 76 70 47 81 7 63 69 22 6 16 53 23 105 78 4 96 89 55 49 30 103 57 64 51 35 37 71 84 24 20 48 33 98 74 27 14 46 97 101 80 66 83 88 26 39 61 68 29 56 104 93 17 43 90 10 28 8 62 72 79 75 38 102 52 86 25 107 18 77 99 45 21 9 11 34 50 54 108 106 36 59 95 12 3 42 15 109 87 19 32 85 67 31 82 58 110 
LP_Opt:4
Rounding: 6
SLF Integral: 4

1 57 21 45 39 49 95 87 101 16 38 42 79 35 88 8 80 94 31 76 93 86 25 52 55 99 105 56 91 81 9 19 98 66 106 22 26 3 50 63 75 40 89 82 24 85 71 77 44 34 15 108 7 72 33 41 58 6 54 23 83 11 60 48 47 29 14 70 30 103 96 18 61 74 102 20 17 59 67 2 53 32 97 92 109 43 64 100 78 13 27 10 84 73 51 69 5 62 107 37 65 28 46 4 12 68 104 90 36 110 
LP_Opt:4
Rounding: 7
SLF Integral: 4

1 21 2 23 51 13 28 87 94 15 55 106 60 5 59 4 8 97 6 84 101 62 31 37 43 30 85 10 34 75 61 93 107 68 25 66 91 40 12 71 70 16 88 39 65 108 48 74 64 53 29 100 104 109 19 79 86 81 11 77 76 69 14 63 89 99 54 73 102 3 82 26 33 49 96 52 27 83 32 35 44 38 47 67 17 80 42 57 105 18 92 50 95 7 20 103 22 24 9 46 36 78 90 58 45 72 98 41 56 110 
LP_Opt:4
Rounding: 7
SLF Integral: 4

1 68 24 71 12 61 16 93 75 10 39 74 66 94 57 65 87 18 27 47 21 99 50 3 64 58 69 107 13 92 23 29 34 102 38 22 37 55 70 100 32 45 44 84 33 60 25 8 108 63 62 4 82 41 72 54 9 43 106 89 101 26 90 15 40 17 35 19 59 46 98 67 31 53 105 56 30 14 52 49 95 109 86 20 81 97 76 96 6 48 36 73 78 85 83 79 5 77 11 104 42 91 103 28 88 7 80 51 2 110 
LP_Opt:4
Rounding: 5
SLF Integral: 4

1 86 35 89 10 71 79 25 49 32 66 105 51 48 4 7 17 6 96 77 37 12 62 34 15 99 74 103 56 68 9 16 65 63 13 94 90 83 59 46 107 39 73 84 41 3 92 75 101 44 50 98 78 21 8 58 30 69 100 54 42 108 28 27 106 88 67 18 61 97 22 91 26 53 11 104 80 38 70 93 64 81 60 24 52 19 36 109 45 55 14 102 76 2 85 40 47 82 31 72 5 57 29 33 20 23 95 87 43 110 
LP_Opt:4
Rounding: 6
SLF Integral: 4

1 18 68 25 64 106 53 94 41 83 17 48 40 101 65 39 93 14 69 78 60 96 100 10 86 102 108 103 31 26 2 42 21 35 72 76 36 15 84 56 33 7 98 6 75 4 90 23 82 49 57 89 63 34 55 97 32 81 12 11 85 37 43 20 51 19 16 52 22 88 50 30 109 44 104 99 95 9 62 13 71 107 73 47 59 29 58 5 28 8 91 70 80 92 46 38 66 24 67 61 3 54 77 105 79 74 45 27 87 110 
LP_Opt:4
Rounding: 5
SLF Integral: 4

1 6 59 41 3 22 85 23 94 109 42 57 12 24 72 91 47 31 71 73 89 48 55 33 58 17 78 28 53 104 80 105 97 64 21 36 74 50 83 76 32 29 20 30 68 9 96 66 11 26 81 67 62 18 38 99 8 82 7 40 106 37 61 35 63 45 88 44 69 52 108 100 34 92 49 19 5 70 15 84 46 102 93 90 10 54 75 95 2 60 56 107 103 25 51 13 86 43 16 77 14 4 65 98 79 101 27 87 39 110 
LP_Opt:4
Rounding: 5
SLF Integral: 4

1 105 9 35 90 7 91 47 73 56 69 99 86 4 51 2 31 103 65 81 75 59 95 60 78 61 48 3 42 30 85 12 14 93 25 104 64 13 29 50 38 54 67 19 41 94 15 22 106 33 24 88 21 32 66 8 45 11 18 62 36 6 79 92 28 53 58 97 46 43 10 57 96 74 23 100 20 80 83 16 39 27 72 68 87 102 89 77 55 98 109 70 82 71 40 52 107 49 26 76 5 84 17 44 108 63 101 37 34 110 
LP_Opt:4
Rounding: 4
SLF Integral: 4

1 5 18 80 29 105 57 101 68 45 21 28 70 47 59 16 10 109 108 102 6 14 79 54 25 96 31 43 2 49 42 66 23 39 32 73 55 99 4 26 100 67 85 15 97 11 58 7 69 37 106 95 52 81 78 38 104 65 30 20 94 87 89 9 63 72 103 76 56 24 62 53 83 64 91 93 40 34 44 84 51 61 82 50 75 98 36 92 88 41 17 19 86 8 48 12 22 27 3 90 33 46 71 107 77 60 13 74 35 110 
LP_Opt:4
Rounding: 7
SLF Integral: 4

1 43 80 107 104 86 62 13 74 101 89 102 47 12 35 90 68 30 36 49 8 19 76 108 24 39 58 48 88 33 103 37 3 66 7 6 42 54 97 70 15 77 100 53 94 10 95 84 32 9 69 96 81 25 71 85 93 67 14 2 18 60 28 64 4 27 26 20 41 61 16 106 83 72 82 92 63 50 38 91 87 75 11 51 23 57 56 44 31 45 29 5 21 40 22 65 78 46 17 55 34 59 98 52 109 73 105 99 79 110 
LP_Opt:4
Rounding: 6
SLF Integral: 4

1 108 21 103 24 104 48 87 77 71 11 37 76 94 31 35 59 73 49 20 75 62 61 32 78 19 85 102 29 98 5 39 84 80 33 100 99 106 25 55 17 2 58 40 54 12 6 26 38 68 70 97 74 89 91 13 79 51 92 28 86 30 36 47 65 60 3 90 14 53 66 16 57 18 101 7 67 45 9 64 72 23 88 63 50 27 43 41 81 46 96 10 22 15 4 69 83 56 107 105 93 8 42 95 109 82 44 34 52 110 
LP_Opt:4
Rounding: 4
SLF Integral: 4

1 70 94 83 71 91 74 108 62 21 97 7 25 107 69 3 66 109 84 77 26 102 79 55 35 31 60 9 72 81 34 67 65 37 48 75 49 85 80 58 41 36 6 68 17 78 28 47 57 13 98 24 104 76 59 105 103 27 33 11 39 22 44 42 63 106 87 20 45 54 2 38 40 52 4 10 19 16 82 56 23 61 32 73 86 92 51 15 12 101 5 99 8 50 29 90 46 100 89 14 96 53 95 30 64 88 18 43 93 110 
LP_Opt:4
Rounding: 4
SLF Integral: 4

1 66 16 56 27 75 85 29 13 59 22 103 86 25 21 60 79 84 39 102 81 43 95 18 20 99 63 44 92 50 97 107 14 74 41 35 46 3 17 31 101 61 78 80 93 71 15 83 90 73 8 106 94 30 55 24 51 64 96 9 104 5 82 49 45 77 72 88 23 98 58 32 91 33 87 70 65 11 62 100 47 69 109 26 4 53 57 52 12 7 54 68 10 89 76 105 40 36 67 37 19 6 108 2 34 48 38 28 42 110 
LP_Opt:4
Rounding: 5
SLF Integral: 4

1 49 81 11 28 33 21 43 104 96 44 36 108 23 35 109 67 84 64 77 69 55 16 85 45 37 41 91 10 58 80 62 60 87 12 8 22 20 50 103 39 70 40 88 101 66 97 48 72 27 100 83 61 19 106 94 52 26 38 2 34 14 82 25 29 98 32 3 42 30 15 18 51 63 93 31 75 53 5 102 90 24 95 7 54 47 4 76 105 92 89 79 6 71 74 78 9 46 107 65 99 59 73 86 57 17 56 68 13 110 
LP_Opt:4
Rounding: 6
SLF Integral: 4

1 40 91 87 28 15 14 7 98 39 46 61 95 94 31 9 37 93 90 62 38 81 19 44 20 30 63 56 60 107 102 108 26 21 17 12 42 27 64 96 52 101 29 2 97 51 76 8 89 71 41 86 74 84 109 69 33 18 4 24 66 73 5 22 25 70 83 92 50 3 49 79 88 75 34 47 99 106 104 57 45 36 16 85 13 65 54 103 23 77 58 105 6 78 32 35 11 48 82 10 59 43 80 68 72 100 67 53 55 110 
LP_Opt:4
Rounding: 5
SLF Integral: 4

1 21 34 54 53 59 83 29 46 97 104 90 48 38 80 66 23 45 33 52 49 8 74 107 78 12 103 47 27 24 68 88 35 89 101 65 18 72 17 7 96 91 10 108 85 60 44 61 50 73 40 109 30 5 56 2 39 13 98 71 95 41 14 84 4 6 62 70 26 67 99 94 76 19 43 51 105 69 87 37 32 42 16 102 58 11 93 36 106 81 55 22 64 79 100 92 57 28 15 20 86 9 77 75 82 63 25 31 3 110 
LP_Opt:4
Rounding: 5
SLF Integral: 4

1 69 42 86 8 73 2 7 19 30 22 62 49 16 83 27 45 3 59 63 33 31 12 106 17 79 41 39 76 28 100 14 20 96 21 66 65 108 64 84 103 34 25 78 98 43 23 38 10 18 29 57 104 46 71 58 68 72 88 61 15 53 67 87 6 56 37 97 75 74 50 105 92 9 54 44 102 101 85 82 40 93 81 77 24 52 36 70 95 26 48 4 13 89 60 35 91 5 80 51 90 107 94 47 11 99 109 32 55 110 
LP_Opt:4
Rounding: 6
SLF Integral: 4

1 4 18 8 53 70 98 51 14 39 29 13 97 106 81 78 69 82 92 76 104 34 67 37 11 35 73 55 71 12 23 86 27 7 19 31 90 48 89 107 100 54 28 36 52 101 72 15 84 105 80 41 85 68 87 10 9 2 24 59 63 88 46 40 96 17 61 25 44 93 65 49 91 103 74 64 30 16 95 57 77 32 22 3 75 50 6 99 33 79 21 42 56 58 20 47 102 5 60 45 108 66 94 38 62 43 109 83 26 110 
LP_Opt:4
Rounding: 5
SLF Integral: 4

1 66 15 85 22 95 86 97 69 65 57 88 46 72 45 47 41 34 98 48 93 63 33 5 91 70 28 108 37 67 55 92 23 100 39 80 36 68 103 78 40 2 79 4 32 82 59 61 99 38 104 50 30 87 76 101 6 84 17 107 49 19 81 29 3 11 77 105 102 58 42 10 96 89 16 51 14 106 71 35 83 75 52 64 90 24 13 94 26 7 9 44 18 60 53 74 20 12 62 8 27 21 25 43 54 109 73 56 31 110 
LP_Opt:4
Rounding: 5
SLF Integral: 4

LP_opt: 4,4,4,4,4,4,4,4,4,4,4,4,4,4,4,4,4,4,4,4,4,4,4,4,4,4,4,4,4,4,4,4,4,4,4,4,4,4,4,4,4,4,4,4,4,4,4,4,4,4,4,4,4,4,4,4,4,4,4,4,4,4,4,4,4,4,4,4,4,4,
Rounding res: 5,6,5,8,6,4,8,6,6,5,5,6,5,7,8,6,6,8,5,6,8,5,5,5,10,7,5,4,5,4,5,5,5,6,6,5,5,7,7,5,5,5,5,6,5,5,5,6,6,7,6,6,7,7,5,6,5,5,4,7,6,4,4,5,6,5,5,6,5,5,
Opt:4,4,4,4,4,4,4,4,4,5,4,4,4,4,4,4,4,4,4,4,4,4,4,4,4,4,4,4,4,4,4,4,4,4,4,4,4,4,4,4,4,4,4,4,4,4,4,5,4,5,4,4,4,4,4,4,4,4,4,4,4,4,4,4,4,4,4,4,4,4,

Max diff:6
Max factor:2.5
Mean diff:1.6571428571428573
Mean factor:1.4121428571428574
