1 17 87 26 65 95 49 29 33 99 21 74 53 90 71 30 63 27 40 34 59 56 38 78 13 89 62 69 43 98 81 8 52 4 85 64 45 60 24 67 79 12 19 2 93 46 83 75 77 58 22 10 61 14 35 6 39 20 5 94 41 92 54 80 76 96 9 31 82 32 57 73 86 16 70 15 97 91 37 84 51 48 28 66 36 42 68 3 23 11 18 50 72 25 88 7 55 44 47 100 
LP_Opt:4
Rounding: 6
SLF Integral: 4

1 37 29 56 4 22 21 39 99 81 41 96 3 83 63 90 64 52 14 85 46 92 25 79 82 50 65 53 48 67 36 34 27 66 13 89 6 33 47 5 30 75 91 15 12 9 68 16 84 86 26 97 43 73 58 87 10 2 18 8 62 24 28 51 57 77 20 94 71 32 59 61 69 23 45 70 31 55 76 74 49 38 42 98 54 40 95 93 44 60 78 19 7 35 88 72 17 80 11 100 
LP_Opt:4
Rounding: 6
SLF Integral: 5

1 52 23 31 41 56 33 6 40 13 68 9 90 70 42 53 66 93 89 18 55 12 45 79 11 96 48 71 24 85 77 14 67 16 30 5 80 27 58 15 28 92 59 39 21 64 44 10 35 2 86 43 37 51 75 84 7 73 83 57 34 8 54 72 88 61 99 25 78 87 95 36 47 29 63 81 22 76 46 26 49 98 19 60 20 38 82 62 3 17 97 94 69 4 91 50 65 74 32 100 
LP_Opt:4
Rounding: 6
SLF Integral: 4

1 53 92 8 47 42 12 55 38 85 51 11 36 82 49 39 7 35 95 94 40 61 58 21 34 52 86 67 24 43 37 17 31 89 48 74 98 56 5 71 2 6 60 13 16 65 91 19 84 26 32 9 83 57 4 44 90 79 27 10 63 28 59 81 78 64 18 76 69 54 46 50 29 96 22 93 33 25 20 75 15 45 77 23 99 97 73 70 62 66 3 80 87 72 68 88 14 41 30 100 
LP_Opt:4
Rounding: 6
SLF Integral: 4

1 91 24 16 9 48 10 46 66 52 83 55 51 36 22 74 85 5 67 11 68 54 17 86 6 96 7 47 33 59 20 28 73 60 56 58 43 18 95 71 89 93 2 29 88 38 65 32 62 3 14 50 80 57 21 23 4 27 13 72 31 77 79 75 70 45 63 92 98 44 26 82 76 8 12 99 87 78 34 81 53 90 94 39 97 41 15 35 40 42 25 61 69 37 30 64 19 49 84 100 
LP_Opt:4
Rounding: 6
SLF Integral: 4

1 98 94 71 92 16 14 8 2 42 90 51 50 9 5 36 27 99 21 96 46 76 74 26 44 25 40 53 79 17 59 82 56 73 6 89 72 39 88 41 85 63 45 70 12 7 11 61 97 62 68 60 87 31 67 69 55 93 30 65 77 32 22 13 64 19 28 38 35 18 37 57 20 33 4 3 47 83 23 34 43 81 95 54 75 48 52 91 24 78 10 49 29 80 66 86 15 84 58 100 
LP_Opt:4
Rounding: 6
SLF Integral: 4

1 65 26 61 12 76 19 9 77 51 92 39 68 5 94 70 64 27 45 91 55 24 66 50 6 30 78 60 86 42 32 90 18 4 44 62 7 33 53 43 2 58 63 98 13 20 85 3 97 35 82 75 87 11 48 95 8 52 17 28 25 72 67 57 34 41 59 89 69 99 38 37 73 47 22 79 16 15 36 74 10 83 29 93 84 81 54 88 23 80 49 96 31 14 56 21 71 40 46 100 
LP_Opt:4
Rounding: 5
SLF Integral: 4

1 11 31 20 48 85 64 35 86 18 95 52 75 47 94 10 78 34 44 19 82 91 69 53 96 46 43 5 83 32 72 37 12 71 62 77 88 60 57 98 6 76 38 30 8 55 28 99 9 73 50 21 66 42 67 22 54 87 26 61 92 15 25 68 24 4 59 93 90 51 45 56 84 63 3 16 80 65 40 79 7 14 70 2 33 36 49 27 17 39 58 29 13 97 41 89 23 74 81 100 
LP_Opt:4
Rounding: 5
SLF Integral: 4

1 61 93 19 34 21 65 49 52 48 75 41 95 33 3 63 15 10 86 83 72 91 68 44 51 46 40 66 26 79 60 99 90 94 98 24 84 22 45 11 20 50 64 76 96 42 89 36 39 47 82 59 92 5 43 57 18 12 69 17 25 56 37 70 7 53 38 81 77 87 67 55 73 8 35 32 97 71 9 27 54 23 29 6 13 16 85 88 62 14 28 74 80 31 58 2 30 4 78 100 
LP_Opt:4
Rounding: 6
SLF Integral: 4

1 31 56 36 25 98 55 79 12 95 70 26 94 30 72 34 15 75 43 23 29 45 99 49 13 89 7 60 77 64 2 38 97 81 63 47 8 42 68 19 86 35 59 80 92 6 16 82 27 85 96 11 51 39 76 17 67 62 53 4 78 91 24 33 52 14 41 10 54 3 21 44 87 83 40 18 88 5 65 48 73 20 9 61 28 50 58 74 84 57 69 90 93 71 32 37 46 22 66 100 
LP_Opt:4
Rounding: 6
SLF Integral: 4

1 58 54 85 69 59 42 5 36 41 39 96 82 22 86 72 30 18 90 23 68 33 53 45 44 34 14 21 91 37 60 8 66 63 3 27 25 15 99 75 88 52 77 49 87 2 32 79 40 70 4 55 13 19 78 47 93 71 98 28 64 29 57 24 67 94 92 31 35 97 43 11 10 61 74 65 48 20 50 9 6 83 76 62 7 56 81 89 46 51 73 17 84 26 38 95 12 80 16 100 
LP_Opt:4
Rounding: 6
SLF Integral: 5

1 56 62 77 89 23 63 68 50 15 42 55 7 30 96 34 45 76 87 49 48 64 35 60 54 40 73 65 10 9 27 2 47 38 97 44 29 19 16 95 83 43 36 33 18 84 32 28 46 74 22 52 93 3 75 59 31 99 41 57 91 88 86 66 71 39 13 8 92 80 26 98 17 85 81 25 58 69 11 79 37 24 5 90 72 61 51 78 70 12 20 14 94 6 53 82 21 4 67 100 
LP_Opt:4
Rounding: 4
SLF Integral: 4

1 49 35 65 80 73 53 7 14 34 11 69 97 36 75 2 42 44 82 21 4 72 81 56 88 68 83 9 12 92 76 67 33 6 28 58 10 37 47 99 55 96 15 31 40 23 87 51 74 50 64 18 71 43 77 63 17 94 45 93 59 90 3 95 38 20 62 60 22 57 19 25 52 41 66 78 46 29 91 26 24 32 89 98 27 30 70 16 48 86 54 8 84 5 13 61 85 79 39 100 
LP_Opt:5
Rounding: 5
SLF Integral: 5

1 60 89 40 62 15 18 48 14 36 52 79 28 11 49 12 54 22 6 80 91 84 8 64 42 67 9 97 71 19 70 88 68 32 73 51 7 24 72 59 93 96 34 21 53 2 95 23 92 56 85 33 45 25 41 57 99 13 75 4 81 29 43 55 5 26 98 37 50 16 86 94 87 90 46 35 69 78 44 38 83 31 65 3 27 47 77 30 61 74 66 17 20 63 39 76 58 82 10 100 
LP_Opt:4
Rounding: 7
SLF Integral: 4

1 14 62 58 56 19 61 65 5 54 74 60 76 39 69 87 79 49 78 12 20 82 85 70 89 40 46 81 13 27 8 83 34 18 16 47 33 45 99 72 38 44 43 68 32 55 28 52 21 73 2 6 36 26 90 7 98 50 67 42 91 30 71 31 92 84 93 37 80 35 97 51 25 64 17 11 66 95 41 29 3 53 15 75 57 86 94 22 77 59 23 48 4 10 24 88 96 9 63 100 
LP_Opt:4
Rounding: 4
SLF Integral: 4

1 84 6 82 27 2 14 46 28 42 63 17 53 97 51 36 45 58 13 20 25 21 61 10 62 32 99 34 15 19 89 48 85 93 86 11 66 72 33 30 90 70 96 65 56 41 87 39 44 94 59 52 9 49 7 81 68 71 95 37 23 22 43 91 18 47 74 40 83 98 38 67 64 8 77 79 16 3 24 78 31 60 29 35 4 80 75 69 76 88 50 55 54 26 12 73 92 5 57 100 
LP_Opt:4
Rounding: 6
SLF Integral: 4

1 3 88 22 13 52 76 29 87 15 84 16 63 54 75 58 46 42 34 26 5 73 51 45 71 60 40 38 95 25 81 6 62 91 11 18 65 7 92 33 35 78 9 36 53 77 68 66 43 99 94 79 27 47 12 19 8 39 64 57 82 30 14 49 83 93 23 17 70 44 97 41 4 48 55 72 37 61 28 50 85 24 56 98 10 31 59 86 2 80 90 21 69 96 32 20 89 67 74 100 
LP_Opt:4
Rounding: 7
SLF Integral: 4

1 27 45 52 11 50 55 86 18 90 96 80 5 35 23 60 44 17 25 32 67 28 66 8 94 6 85 40 98 16 12 77 47 73 56 95 65 72 34 38 37 57 14 99 88 51 71 63 59 91 46 74 89 97 58 75 10 93 19 22 36 41 54 92 3 81 53 84 68 33 49 83 78 43 30 29 7 4 26 31 15 82 62 39 70 69 24 42 79 87 20 48 61 9 2 76 13 64 21 100 
LP_Opt:4
Rounding: 5
SLF Integral: 4

1 75 18 11 21 32 41 9 72 74 29 39 92 37 89 82 33 55 45 17 14 8 19 15 30 40 71 67 93 50 12 73 64 13 95 49 69 56 42 54 28 52 34 96 10 70 53 87 46 6 47 44 91 98 97 23 66 88 57 59 62 35 38 78 61 63 20 99 76 80 77 84 24 60 27 36 43 51 31 58 4 81 22 7 5 48 3 26 16 68 65 83 2 79 86 94 90 85 25 100 
LP_Opt:4
Rounding: 5
SLF Integral: 4

1 82 10 32 43 79 12 3 54 84 76 56 27 33 71 47 21 2 64 83 92 22 77 40 96 50 81 85 6 74 25 49 90 98 73 58 30 14 20 59 7 48 93 52 19 28 87 60 11 86 44 31 45 34 70 17 29 91 16 26 42 18 67 46 57 4 62 9 24 8 13 69 39 97 80 61 95 88 66 75 68 35 37 5 99 65 15 72 55 94 36 63 41 38 23 78 89 53 51 100 
LP_Opt:4
Rounding: 5
SLF Integral: 4

1 59 12 14 28 42 60 88 65 41 57 29 97 39 9 77 22 48 95 33 84 47 64 38 75 55 36 83 76 40 45 4 6 74 91 58 73 70 21 50 71 99 53 7 61 46 23 92 62 69 63 78 20 24 2 31 86 85 87 3 32 93 18 82 37 89 19 49 5 90 66 17 27 30 8 13 43 79 11 80 34 16 51 68 35 25 52 72 96 54 94 56 98 26 81 10 44 67 15 100 
LP_Opt:4
Rounding: 6
SLF Integral: 4

1 91 7 17 25 33 81 10 76 11 21 69 92 6 47 20 48 93 67 39 94 32 86 54 60 12 71 70 65 77 96 57 31 15 61 68 16 72 14 9 87 5 90 88 3 52 24 49 43 64 42 8 35 40 26 74 30 46 80 45 38 44 85 83 4 62 58 50 95 13 78 99 23 79 97 28 19 84 29 59 53 73 98 63 27 75 55 82 66 56 37 41 2 51 18 22 34 89 36 100 
LP_Opt:4
Rounding: 6
SLF Integral: 4

1 45 23 5 15 2 70 98 97 33 89 66 11 61 42 62 81 27 4 68 35 10 86 92 30 84 53 39 96 95 44 50 31 59 71 8 90 12 69 26 36 76 25 46 80 87 6 13 83 20 3 74 28 47 75 32 40 29 37 72 18 54 43 93 65 55 78 17 56 34 51 21 41 79 67 49 99 82 16 58 60 52 85 19 91 14 94 77 7 88 73 48 64 57 22 9 38 24 63 100 
LP_Opt:4
Rounding: 7
SLF Integral: 4

1 55 92 45 15 29 70 8 4 86 99 81 54 98 46 41 38 96 3 43 22 62 47 75 83 20 65 44 90 78 14 17 35 49 16 93 85 63 58 19 61 40 37 91 13 64 74 94 59 77 31 5 48 84 87 60 12 9 97 2 50 57 66 56 11 7 21 82 10 68 71 88 24 28 34 89 80 72 69 39 27 33 52 95 67 79 25 18 30 76 32 42 26 51 23 73 6 36 53 100 
LP_Opt:4
Rounding: 4
SLF Integral: 4

1 80 84 72 7 26 76 79 60 45 69 6 90 35 82 86 51 77 96 68 36 56 39 34 32 55 30 41 88 33 24 73 19 47 46 15 71 62 97 67 53 44 5 70 58 40 43 29 98 17 27 85 50 57 28 61 14 92 64 37 75 2 8 74 59 23 95 66 81 83 9 22 89 16 11 10 21 78 48 18 87 63 94 42 25 49 12 65 52 20 91 54 99 4 38 3 31 93 13 100 
LP_Opt:4
Rounding: 6
SLF Integral: 4

1 36 3 37 31 19 58 69 75 87 4 50 91 40 7 18 46 99 73 82 30 42 41 96 67 70 20 55 44 93 25 24 26 51 77 89 86 78 34 59 13 32 9 23 79 76 6 54 47 94 12 63 53 88 97 65 11 85 68 43 10 49 81 45 61 60 2 17 71 74 98 22 29 72 39 16 35 90 38 21 57 80 66 56 84 83 15 48 28 5 14 33 8 62 95 64 27 52 92 100 
LP_Opt:4
Rounding: 5
SLF Integral: 4

1 41 7 47 78 16 8 30 58 6 2 71 26 43 89 22 40 90 57 13 12 37 18 96 98 75 63 42 11 86 82 32 34 62 76 80 95 65 81 84 46 52 48 68 14 79 88 64 94 73 67 17 66 99 51 44 15 23 33 25 3 28 70 50 9 87 39 20 27 61 10 83 97 92 19 21 5 55 91 59 36 31 77 72 53 69 29 54 45 49 38 74 93 60 35 85 4 56 24 100 
LP_Opt:4
Rounding: 5
SLF Integral: 4

1 34 51 76 50 82 5 70 31 97 24 16 63 81 45 57 18 22 41 14 74 33 30 13 98 65 27 48 93 46 32 26 23 4 92 55 44 61 75 21 12 72 78 8 67 58 69 94 89 37 3 9 90 62 20 28 35 60 36 47 43 15 68 11 10 66 83 88 42 77 52 85 95 53 99 59 49 6 19 80 84 38 87 91 29 86 17 39 73 40 25 79 2 96 54 64 7 56 71 100 
LP_Opt:4
Rounding: 6
SLF Integral: 4

1 94 75 23 19 51 56 98 6 64 95 29 16 43 76 42 24 66 70 31 45 49 63 57 35 71 34 87 28 44 58 99 92 72 86 93 30 85 60 12 52 96 81 37 53 46 21 41 5 25 3 38 14 20 91 48 36 67 8 79 2 10 83 15 33 47 90 80 18 73 78 13 4 69 89 40 39 27 32 50 84 26 11 7 82 17 77 62 65 55 68 22 74 59 97 88 54 9 61 100 
LP_Opt:4
Rounding: 5
SLF Integral: 4

1 91 33 55 3 2 84 95 80 94 81 42 68 9 75 38 89 98 54 22 36 40 16 45 97 64 78 17 29 67 61 58 13 60 41 12 99 88 87 10 65 93 90 18 86 35 59 96 71 49 52 37 5 30 53 24 50 74 20 85 83 66 69 57 34 76 72 23 47 28 48 62 15 31 27 19 79 43 6 77 4 32 63 14 70 7 92 25 82 39 56 46 26 73 8 11 51 44 21 100 
LP_Opt:4
Rounding: 5
SLF Integral: 4

1 81 36 60 51 95 16 22 24 80 34 91 82 21 27 6 97 57 46 64 87 11 32 88 66 76 35 85 58 74 78 53 28 41 99 71 26 77 61 92 39 25 63 79 49 15 38 72 47 54 10 33 89 98 44 84 86 52 20 18 17 48 8 67 43 14 2 56 4 3 83 29 70 40 9 50 45 59 65 55 42 5 68 30 19 62 93 37 13 90 12 7 23 94 69 96 31 73 75 100 
LP_Opt:4
Rounding: 4
SLF Integral: 4

1 4 62 68 5 63 58 69 59 70 34 30 6 15 32 93 44 12 26 74 23 8 41 9 47 40 29 76 48 85 92 19 22 88 27 79 10 13 24 37 96 45 54 20 31 36 71 60 43 49 21 67 73 42 75 39 17 87 99 66 98 52 64 61 38 33 2 95 80 28 3 91 35 18 25 55 97 14 53 51 7 83 50 72 84 65 11 78 57 82 90 56 89 77 46 16 94 86 81 100 
LP_Opt:4
Rounding: 6
SLF Integral: 4

1 7 69 57 12 28 76 17 65 27 70 95 16 10 13 56 83 62 93 35 75 84 58 90 29 31 43 71 20 87 25 78 63 91 8 80 96 6 86 23 2 79 55 77 22 40 48 92 46 38 36 41 52 68 50 89 98 24 9 53 61 59 3 39 26 4 32 34 60 74 54 85 44 30 64 21 42 49 15 88 73 82 81 5 37 47 66 51 33 67 99 14 45 72 94 11 18 97 19 100 
LP_Opt:4
Rounding: 4
SLF Integral: 4

1 56 68 47 89 33 90 30 18 50 64 86 28 37 92 77 97 3 35 4 57 11 21 24 60 73 87 29 10 26 52 84 93 51 62 22 74 95 40 75 82 58 55 76 72 23 19 12 63 46 83 99 71 49 32 8 79 15 94 27 70 78 65 53 14 2 54 16 61 13 17 31 96 91 59 6 43 69 45 38 9 20 66 5 48 42 80 88 81 67 36 85 34 44 98 7 41 25 39 100 
LP_Opt:4
Rounding: 6
SLF Integral: 4

1 22 11 7 25 18 31 4 59 57 65 46 96 20 63 97 16 70 39 87 89 92 38 93 5 71 73 26 34 40 36 15 80 91 84 90 85 10 86 9 8 29 54 3 51 64 12 27 83 44 58 61 33 56 45 98 55 69 74 30 76 72 28 41 75 81 13 32 68 94 42 37 53 82 67 19 77 2 88 99 43 50 49 66 17 35 24 23 78 60 6 79 14 62 95 48 52 21 47 100 
LP_Opt:4
Rounding: 5
SLF Integral: 4

1 31 65 76 64 21 42 67 83 50 84 88 66 32 54 90 59 12 24 85 72 18 81 40 14 8 91 68 36 23 28 33 55 25 3 63 93 7 49 43 60 56 2 51 4 98 27 58 53 95 46 92 80 79 62 48 45 41 38 78 69 15 39 77 52 17 37 71 73 6 35 57 82 75 47 22 61 89 34 26 94 9 86 44 87 13 19 97 10 29 74 30 99 16 70 11 5 96 20 100 
LP_Opt:4
Rounding: 6
SLF Integral: 4

1 48 86 25 50 37 36 6 66 83 64 90 74 59 39 93 61 94 23 14 77 3 71 70 75 49 97 43 8 42 76 45 30 80 72 33 13 9 68 79 26 53 38 73 18 41 51 21 46 44 27 52 54 60 19 84 31 15 57 81 28 22 78 91 99 24 88 58 65 35 87 16 82 55 96 34 56 11 62 95 12 5 63 17 98 69 20 92 2 89 4 29 10 67 40 85 47 7 32 100 
LP_Opt:4
Rounding: 4
SLF Integral: 4

1 25 74 92 34 80 46 18 82 42 63 84 51 14 78 43 56 54 96 79 70 52 99 26 64 53 60 67 58 28 49 27 6 3 36 5 87 11 97 17 55 16 90 72 37 65 76 88 39 15 50 59 33 21 62 69 22 20 68 10 57 2 41 7 86 73 38 77 40 47 8 44 48 35 19 9 93 4 29 13 81 94 61 83 12 23 71 91 98 75 85 31 89 45 30 95 66 32 24 100 
LP_Opt:4
Rounding: 8
SLF Integral: 4

1 52 78 58 47 53 86 67 95 34 4 41 88 63 50 72 70 37 81 7 45 11 94 15 36 65 5 16 46 30 22 21 39 76 17 59 69 10 93 74 13 40 92 48 42 68 85 96 6 60 2 38 25 73 90 18 71 66 98 87 14 44 32 35 56 80 83 97 64 54 28 26 77 51 99 61 12 82 33 91 62 75 31 20 49 3 29 79 24 19 9 89 8 55 57 84 27 23 43 100 
LP_Opt:4
Rounding: 6
SLF Integral: 4

1 36 23 81 77 42 33 37 76 66 35 59 62 84 41 85 40 64 3 61 17 65 43 20 69 71 99 53 49 21 8 22 73 87 11 93 44 51 54 95 12 10 90 97 29 46 19 67 82 14 70 48 18 34 16 15 25 57 80 4 47 86 60 2 45 9 79 89 27 38 26 96 55 91 94 28 56 5 7 72 13 92 32 30 24 58 68 31 75 39 88 63 74 78 52 50 98 83 6 100 
LP_Opt:4
Rounding: 5
SLF Integral: 4

1 28 3 68 67 20 75 5 16 56 76 97 57 38 65 84 58 78 72 92 44 96 15 4 2 11 10 60 71 32 36 35 51 79 39 12 21 24 64 18 69 42 19 50 95 25 14 27 53 89 8 33 70 87 55 90 61 81 48 40 37 9 80 74 88 59 34 45 6 85 83 23 73 29 46 22 54 41 7 63 13 47 93 62 17 91 52 99 26 98 77 31 82 86 94 30 49 43 66 100 
LP_Opt:4
Rounding: 4
SLF Integral: 4

1 26 69 5 8 63 28 30 33 58 41 34 31 42 45 84 36 6 15 47 59 91 51 97 10 55 14 19 18 24 88 7 81 61 66 98 52 9 60 73 49 94 39 65 11 74 57 95 82 37 85 4 46 67 54 70 35 72 92 50 93 12 20 77 17 96 99 2 48 87 21 79 78 62 29 68 86 75 27 43 38 25 83 22 90 16 40 44 23 32 71 56 53 3 80 13 76 64 89 100 
LP_Opt:4
Rounding: 5
SLF Integral: 4

1 56 58 32 19 33 77 40 14 41 71 13 80 48 87 17 51 73 43 74 76 57 3 89 18 85 6 82 69 95 53 16 54 81 37 90 45 62 72 75 2 88 30 9 38 24 66 5 12 64 78 60 68 52 35 11 34 96 94 4 31 44 29 79 65 25 99 15 42 98 47 49 8 91 67 46 86 92 36 97 7 39 10 26 20 63 83 22 28 59 23 70 50 21 84 55 27 93 61 100 
LP_Opt:4
Rounding: 5
SLF Integral: 4

1 31 4 73 49 41 88 58 14 25 16 42 64 99 82 19 35 72 70 21 92 22 59 15 90 30 98 71 45 9 28 32 86 94 12 95 40 52 6 10 68 62 47 46 89 57 24 55 67 37 18 56 20 63 91 87 65 69 29 75 33 83 38 27 79 44 34 43 93 60 23 80 11 36 7 66 61 13 85 51 54 76 39 26 50 81 5 97 48 96 78 53 8 17 2 77 84 74 3 100 
LP_Opt:5
Rounding: 5
SLF Integral: 5

1 73 31 4 13 55 43 85 44 75 51 22 96 76 86 66 61 20 77 67 49 82 9 69 57 24 63 39 47 19 72 54 79 25 91 42 56 58 3 10 48 70 59 89 80 50 65 71 95 68 33 32 36 97 23 74 17 8 98 88 7 12 40 90 34 60 53 28 46 18 11 64 52 27 41 38 5 78 92 45 15 87 16 35 62 26 83 81 29 6 21 2 84 99 37 94 30 93 14 100 
LP_Opt:4
Rounding: 5
SLF Integral: 4

1 68 55 43 28 80 19 37 62 35 60 67 44 57 77 3 58 75 21 91 54 16 38 70 85 64 98 88 66 72 42 59 18 24 47 33 69 61 15 97 84 34 29 71 87 49 96 78 94 30 20 17 74 13 83 90 10 51 82 50 23 89 79 31 26 52 7 39 27 63 36 65 56 76 46 45 92 41 5 8 53 81 12 73 9 95 93 32 4 11 40 6 2 48 14 86 99 22 25 100 
LP_Opt:4
Rounding: 4
SLF Integral: 4

1 39 9 98 5 63 27 38 21 42 31 72 80 58 8 82 30 89 92 17 79 36 44 71 74 54 95 94 64 69 73 49 4 53 24 14 60 59 87 40 57 83 81 90 77 97 48 66 16 84 7 41 55 96 33 25 6 51 76 43 2 29 62 37 13 26 10 35 52 23 99 46 50 86 68 22 93 12 56 85 75 47 15 67 70 3 91 19 61 11 20 65 28 45 18 78 32 34 88 100 
LP_Opt:4
Rounding: 7
SLF Integral: 4

1 93 2 75 6 21 67 45 94 30 36 32 52 68 57 74 41 35 86 79 91 40 72 63 78 4 56 73 39 83 27 84 95 55 28 85 58 98 23 42 20 61 70 49 26 24 10 81 71 8 7 99 29 3 15 88 19 90 37 14 92 76 22 82 34 53 48 59 51 43 50 66 38 54 60 87 5 13 80 65 69 12 17 47 31 18 11 44 77 9 46 97 96 33 62 64 16 89 25 100 
LP_Opt:4
Rounding: 6
SLF Integral: 5

1 79 49 62 5 60 89 75 95 54 39 23 35 56 40 38 48 84 28 50 70 31 44 90 3 11 63 87 19 85 55 65 73 26 68 2 21 88 12 51 25 74 66 78 22 45 91 41 52 61 34 9 97 15 42 14 96 36 93 92 33 4 69 58 10 82 80 99 43 32 13 8 30 59 86 18 67 37 46 20 71 77 29 57 7 94 83 17 6 53 81 27 24 47 72 64 16 76 98 100 
LP_Opt:4
Rounding: 6
SLF Integral: 4

1 86 44 39 53 70 65 76 32 42 3 20 92 95 12 52 2 80 97 23 46 69 85 4 99 73 50 19 14 64 26 57 91 87 94 51 25 66 98 84 55 63 72 48 35 5 36 74 60 30 81 29 62 37 7 78 67 21 24 61 43 33 90 71 79 17 34 15 10 40 27 96 83 54 22 31 56 8 49 9 93 28 47 82 68 59 88 11 77 16 58 89 45 75 38 41 18 6 13 100 
LP_Opt:4
Rounding: 6
SLF Integral: 4

1 80 16 52 46 94 90 18 95 65 38 24 93 77 28 87 55 97 96 9 43 5 39 35 47 34 83 51 49 11 4 8 53 27 26 81 7 74 13 17 25 86 2 70 19 45 44 31 40 12 62 66 82 61 37 91 89 88 3 36 76 29 54 99 84 22 67 79 42 21 48 92 30 68 57 41 32 10 14 6 15 58 33 59 73 98 50 72 20 23 75 85 64 63 69 60 56 71 78 100 
LP_Opt:4
Rounding: 4
SLF Integral: 4

1 12 97 19 37 73 98 86 77 82 23 32 55 14 18 16 20 67 59 80 71 24 9 94 56 81 46 83 75 4 62 88 85 36 8 45 87 26 91 10 30 89 74 54 52 5 11 61 21 70 66 29 28 99 31 43 57 72 40 63 95 47 68 25 93 42 96 34 15 41 50 6 78 38 17 58 60 53 27 49 76 69 51 22 35 44 64 13 2 84 79 33 65 39 48 7 90 92 3 100 
LP_Opt:4
Rounding: 5
SLF Integral: 4

1 78 93 23 57 97 22 43 28 44 12 86 99 32 55 39 51 90 41 92 10 47 95 94 63 18 30 8 69 74 49 67 3 58 37 87 13 77 54 56 71 2 15 85 80 33 16 29 25 40 88 26 98 84 52 72 65 70 19 73 89 36 68 5 81 17 46 62 59 76 27 75 7 21 24 20 61 45 42 60 31 79 35 9 50 83 53 91 82 6 64 48 14 66 11 96 34 38 4 100 
LP_Opt:4
Rounding: 5
SLF Integral: 4

1 51 64 63 79 21 97 77 16 22 29 39 87 4 35 17 36 11 72 18 13 44 92 47 23 96 86 50 91 62 67 78 24 49 33 5 48 40 12 45 52 61 57 37 98 25 95 38 27 30 2 8 66 60 65 54 28 84 3 31 68 99 89 81 88 34 55 10 76 75 73 6 83 53 82 90 93 19 56 14 58 9 43 46 41 59 42 7 94 70 80 71 85 69 20 32 15 74 26 100 
LP_Opt:5
Rounding: 6
SLF Integral: 5

1 70 21 14 77 89 85 64 57 87 81 45 19 27 49 7 71 52 34 73 69 31 35 58 8 37 39 76 66 82 91 72 9 3 95 6 44 18 15 97 25 20 93 55 33 24 62 88 26 96 94 68 46 12 4 61 67 56 40 78 23 43 13 99 5 74 90 86 29 41 51 59 22 79 17 28 60 30 36 38 42 98 47 10 48 65 63 16 54 2 92 32 75 84 53 50 80 11 83 100 
LP_Opt:4
Rounding: 5
SLF Integral: 4

1 52 91 19 62 94 78 23 77 17 61 72 69 44 20 7 96 90 88 75 45 35 18 98 54 81 49 42 33 2 59 4 58 99 76 13 51 85 37 66 29 56 5 70 50 14 93 60 22 34 36 80 25 74 15 39 89 83 65 92 32 9 68 38 87 57 48 53 3 67 97 79 26 10 8 64 71 82 16 43 47 46 12 31 30 63 11 6 28 40 84 21 86 73 95 55 27 41 24 100 
LP_Opt:5
Rounding: 5
SLF Integral: 5

1 45 25 95 32 26 44 61 87 29 8 49 24 70 30 41 97 14 39 74 71 73 50 64 98 18 76 12 5 27 85 94 52 51 20 3 84 35 82 13 56 79 92 55 33 65 62 96 38 48 72 21 40 37 77 75 63 15 91 54 2 34 43 17 99 80 19 36 16 59 83 31 66 69 81 93 10 60 28 89 7 11 68 46 42 88 90 53 86 58 22 4 78 23 57 67 47 6 9 100 
LP_Opt:4
Rounding: 8
SLF Integral: 4

1 19 63 12 31 28 32 17 69 53 60 34 86 58 46 66 11 41 93 65 96 27 30 25 71 85 91 99 6 47 33 2 52 5 88 77 35 70 23 76 26 94 90 57 64 37 83 72 80 50 84 21 55 13 98 97 59 7 78 81 68 61 56 9 95 38 22 54 43 67 92 62 24 74 18 89 44 49 45 36 16 3 14 75 20 48 87 8 4 82 73 79 39 10 15 29 51 42 40 100 
LP_Opt:4
Rounding: 4
SLF Integral: 4

1 68 41 61 21 34 83 29 91 5 32 31 33 52 23 13 22 51 70 74 79 4 60 90 37 28 64 89 78 35 99 24 55 30 12 71 17 19 46 6 96 42 54 62 75 87 36 63 66 57 20 14 11 93 9 43 53 49 67 16 86 8 2 84 39 73 58 44 65 97 15 77 85 25 38 56 94 3 72 18 92 82 7 59 69 47 27 10 80 26 76 98 81 50 88 45 95 40 48 100 
LP_Opt:4
Rounding: 5
SLF Integral: 4

1 87 3 61 38 67 13 9 37 84 59 58 85 22 77 30 51 60 83 75 46 14 57 91 98 48 33 26 53 16 90 23 27 6 93 8 5 40 81 39 70 69 64 7 89 24 4 25 28 66 29 49 63 41 78 20 71 19 65 15 44 82 31 99 72 42 74 96 94 47 17 36 92 68 86 10 18 35 55 52 97 21 73 56 95 80 12 50 2 79 76 62 45 11 34 88 32 54 43 100 
LP_Opt:5
Rounding: 5
SLF Integral: 5

1 5 70 24 80 72 84 67 49 93 2 14 66 19 76 8 54 91 11 88 27 64 94 75 41 29 53 89 26 10 6 40 90 99 18 60 22 4 47 65 87 3 71 12 51 38 35 82 86 42 77 95 85 81 44 32 13 79 16 62 36 97 52 56 68 74 20 34 59 25 17 61 30 55 28 43 92 96 69 39 78 73 58 63 57 98 45 48 50 15 7 46 9 23 83 21 37 31 33 100 
LP_Opt:4
Rounding: 5
SLF Integral: 4

1 11 9 30 51 93 66 41 25 42 46 78 90 55 50 86 49 43 37 20 99 33 3 7 27 21 91 98 47 2 13 18 70 83 75 71 17 69 24 52 45 5 89 28 77 81 76 10 97 14 96 40 56 74 39 94 15 38 59 79 8 54 67 26 80 58 95 87 34 63 53 6 48 22 62 35 60 84 72 29 61 19 16 65 68 31 36 92 32 57 4 44 12 85 64 73 88 82 23 100 
LP_Opt:4
Rounding: 5
SLF Integral: 4

1 5 51 94 62 23 36 70 14 10 89 38 16 97 66 40 58 82 39 56 27 74 44 8 67 59 72 3 21 69 65 9 50 42 15 95 30 93 37 84 28 86 32 47 46 78 80 22 48 53 98 75 61 33 57 35 4 20 24 34 6 43 26 18 71 12 7 55 99 29 91 49 77 81 17 19 54 2 25 85 92 87 68 79 13 45 31 63 96 90 83 73 11 76 52 88 41 60 64 100 
LP_Opt:4
Rounding: 5
SLF Integral: 4

1 40 26 88 8 67 71 15 86 84 68 61 94 51 93 76 91 37 99 98 25 23 30 90 70 53 49 89 83 9 28 42 6 87 29 12 73 4 85 72 14 48 32 27 77 20 56 60 39 17 22 57 44 46 78 10 36 69 75 74 58 65 92 41 63 33 52 3 13 19 35 7 18 79 59 16 11 62 43 47 5 54 45 34 21 31 82 66 96 81 24 55 95 97 50 64 2 80 38 100 
LP_Opt:4
Rounding: 6
SLF Integral: 4

1 75 92 7 46 95 18 94 60 79 3 25 80 63 50 31 58 82 84 41 28 78 81 83 39 30 29 61 23 2 67 73 87 93 54 26 62 17 98 49 65 85 38 10 37 5 11 89 51 19 6 27 45 36 99 74 86 71 52 70 20 34 24 97 88 12 42 53 69 32 64 35 56 8 13 15 21 68 55 76 91 4 9 40 90 48 77 14 43 59 16 72 57 22 96 47 66 33 44 100 
LP_Opt:4
Rounding: 7
SLF Integral: 4

1 18 42 4 52 39 91 99 51 6 49 25 68 48 90 22 75 94 23 87 45 97 62 24 70 72 67 27 10 82 15 11 89 26 36 59 54 63 38 17 81 7 3 9 50 46 88 66 64 40 56 86 74 21 44 8 58 93 78 73 20 5 13 30 55 92 33 79 28 41 19 14 96 60 98 85 16 71 32 95 53 84 65 69 29 77 37 43 12 47 76 2 83 61 34 80 57 31 35 100 
LP_Opt:4
Rounding: 7
SLF Integral: 4

1 84 42 63 22 27 13 57 88 97 53 15 44 19 41 67 7 56 77 39 78 75 3 47 62 66 49 83 65 6 31 69 96 17 29 37 8 71 45 33 46 5 85 87 20 82 18 91 61 34 95 51 50 14 38 36 9 90 35 93 60 4 11 58 24 2 68 89 21 32 16 94 25 98 43 12 80 26 81 28 74 30 55 72 79 92 99 40 64 54 76 86 59 52 73 10 23 48 70 100 
LP_Opt:4
Rounding: 6
SLF Integral: 4

1 72 23 19 42 89 91 83 11 37 58 85 6 35 7 95 47 67 73 14 17 34 76 99 60 65 93 53 92 18 49 27 38 52 24 43 78 96 88 90 9 40 25 61 15 48 45 13 31 51 46 75 54 22 30 86 10 84 56 44 16 77 81 79 33 98 97 57 21 39 70 87 62 8 59 28 3 32 4 50 80 26 63 68 12 69 64 20 94 82 71 36 74 2 55 5 29 66 41 100 
LP_Opt:4
Rounding: 6
SLF Integral: 4

1 20 15 38 57 4 81 39 17 78 62 98 87 19 9 77 2 72 16 84 36 75 29 44 46 97 68 53 26 66 93 88 23 32 54 28 33 13 60 91 55 52 92 34 56 51 64 14 74 70 67 18 58 73 11 24 89 63 10 47 25 90 41 6 94 71 31 82 80 48 43 69 21 40 37 42 96 27 61 59 79 50 49 8 99 22 35 83 7 95 5 12 3 30 76 85 65 45 86 100 
LP_Opt:4
Rounding: 4
SLF Integral: 4

1 68 11 63 14 35 73 47 12 64 66 52 22 34 58 15 89 45 23 49 86 74 99 96 71 5 31 46 60 27 4 55 94 92 79 19 80 65 77 41 62 16 78 59 88 30 54 25 61 75 38 82 97 57 33 67 24 26 13 69 42 37 40 53 29 6 76 48 90 98 91 93 18 9 84 70 21 2 51 39 28 87 8 81 20 83 50 85 3 17 95 10 44 7 56 43 36 72 32 100 
LP_Opt:4
Rounding: 6
SLF Integral: 4

1 23 59 3 22 6 26 90 4 88 82 81 91 25 62 16 94 28 75 67 51 77 53 13 35 68 42 74 92 29 87 17 97 69 83 7 52 70 56 46 5 61 14 31 39 47 65 2 38 60 76 93 58 49 78 80 98 15 72 19 50 18 20 54 63 89 10 33 99 40 30 64 32 34 71 9 36 45 85 79 12 57 86 84 27 41 66 37 95 8 21 96 73 48 43 55 11 44 24 100 
LP_Opt:4
Rounding: 5
SLF Integral: 4

1 4 15 48 96 83 9 17 5 90 70 8 89 22 19 68 31 60 62 77 85 10 84 92 37 23 49 64 26 98 7 50 3 79 44 69 14 72 39 59 47 87 71 30 94 99 36 46 35 66 20 6 56 16 61 73 78 57 53 13 18 38 27 40 11 43 80 51 95 52 42 54 91 74 32 25 33 76 12 86 29 88 45 97 28 81 2 21 75 58 41 34 93 24 63 67 55 82 65 100 
LP_Opt:4
Rounding: 4
SLF Integral: 4

1 55 30 36 70 24 97 59 16 66 98 23 99 41 60 58 96 9 91 67 86 56 43 47 21 42 35 87 26 88 74 85 3 63 50 27 57 7 90 37 6 76 20 38 46 84 77 2 64 48 53 22 73 11 69 61 75 18 81 51 93 15 45 17 44 80 78 49 62 4 25 33 29 34 19 32 39 89 5 83 54 68 94 12 14 72 82 79 8 65 92 71 10 52 13 95 40 28 31 100 
LP_Opt:4
Rounding: 5
SLF Integral: 4

1 94 2 4 97 3 76 83 43 34 20 44 19 49 14 74 47 41 13 32 22 77 38 30 16 40 96 28 21 62 60 71 66 52 65 25 53 35 27 37 50 98 92 42 12 90 56 55 88 86 72 70 91 78 15 69 26 58 7 9 18 80 68 82 61 85 57 29 89 46 5 23 64 31 73 54 79 33 99 87 67 39 81 11 45 17 63 95 75 93 48 24 59 36 8 6 51 10 84 100 
LP_Opt:4
Rounding: 5
SLF Integral: 4

1 64 9 33 80 85 89 3 14 70 96 27 34 58 47 42 40 92 54 22 12 87 73 51 41 56 78 36 23 15 71 38 57 32 50 37 5 75 59 43 61 7 19 77 25 24 67 16 29 10 65 68 97 30 86 45 82 66 46 79 60 26 4 99 62 94 88 2 84 20 13 63 55 90 8 28 76 21 35 44 91 83 53 74 49 31 93 72 52 6 48 95 69 98 18 81 39 11 17 100 
LP_Opt:4
Rounding: 6
SLF Integral: 4

1 22 20 29 90 43 39 84 67 14 26 56 21 42 79 32 91 5 51 30 63 85 15 99 7 50 70 6 18 53 68 12 31 37 8 52 81 72 65 44 96 2 57 66 34 71 82 23 49 87 19 94 38 41 80 95 89 58 46 73 76 4 36 60 10 47 86 59 25 3 13 27 92 40 16 88 45 17 28 54 98 69 97 35 33 83 75 93 62 77 64 24 55 9 11 61 78 48 74 100 
LP_Opt:4
Rounding: 5
SLF Integral: 4

1 48 85 15 9 31 25 10 40 54 24 72 30 14 88 5 53 62 47 56 55 95 37 26 73 91 80 46 86 81 77 69 36 43 94 11 70 83 28 39 7 50 6 74 67 90 97 3 17 22 21 51 59 45 60 19 78 75 58 16 96 18 84 64 23 12 42 66 92 29 68 57 93 38 4 32 99 27 61 20 63 49 44 98 52 87 8 13 79 82 2 35 34 41 33 76 65 71 89 100 
LP_Opt:4
Rounding: 5
SLF Integral: 4

1 37 20 5 46 17 47 10 85 75 61 96 29 19 41 57 28 71 95 73 13 35 60 59 22 79 32 81 93 15 84 76 3 33 36 26 98 52 89 12 91 4 27 97 40 77 31 18 58 38 64 87 9 6 2 7 51 25 16 48 67 78 80 54 11 21 56 62 74 69 88 70 72 34 86 82 39 92 43 45 53 65 55 63 49 24 83 30 23 90 14 42 94 99 8 44 50 66 68 100 
LP_Opt:4
Rounding: 4
SLF Integral: 4

1 54 84 47 73 80 95 85 71 57 99 21 56 38 13 3 6 45 17 10 7 77 55 61 59 81 15 42 78 14 76 51 98 64 70 75 36 94 29 53 96 5 19 72 86 28 24 46 69 18 90 39 68 58 12 37 52 65 27 16 87 43 20 23 91 89 62 8 67 4 30 33 41 2 74 32 25 48 34 66 93 49 40 92 97 50 83 82 60 11 22 31 35 63 44 88 26 9 79 100 
LP_Opt:4
Rounding: 5
SLF Integral: 4

1 71 39 80 78 29 44 16 46 68 93 14 2 91 61 5 95 7 55 51 18 90 4 76 96 40 49 28 15 89 64 32 58 43 94 52 54 62 36 86 47 25 12 3 38 99 53 50 57 74 8 67 31 84 98 59 63 19 75 34 92 20 79 87 27 77 60 69 81 65 72 83 66 22 6 56 73 35 85 48 23 70 82 24 41 26 9 30 13 10 45 88 37 33 11 42 97 21 17 100 
LP_Opt:4
Rounding: 6
SLF Integral: 4

LP_opt: 4,4,4,4,4,4,4,4,4,4,4,4,5,4,4,4,4,4,4,4,4,4,4,4,4,4,4,4,4,4,4,4,4,4,4,4,4,4,4,4,4,4,4,5,4,4,4,4,4,4,4,4,4,5,4,5,4,4,4,5,4,4,4,4,4,4,4,4,4,4,4,4,4,4,4,4,4,4,4,4,
Rounding res: 6,6,6,6,6,6,5,5,6,6,6,4,5,7,4,6,7,5,5,5,6,6,7,4,6,5,5,6,5,5,4,6,4,6,5,6,4,8,6,5,4,5,5,5,5,4,7,6,6,6,4,5,5,6,5,5,8,4,5,5,5,5,5,6,7,7,6,6,4,6,5,4,5,5,6,5,5,4,5,6,
Opt:4,5,4,4,4,4,4,4,4,4,5,4,5,4,4,4,4,4,4,4,4,4,4,4,4,4,4,4,4,4,4,4,4,4,4,4,4,4,4,4,4,4,4,5,4,4,4,5,4,4,4,4,4,5,4,5,4,4,4,5,4,4,4,4,4,4,4,4,4,4,4,4,4,4,4,4,4,4,4,4,

Max diff:4
Max factor:2.0
Mean diff:1.3125
Mean factor:1.325625
