1 53 28 22 16 71 24 68 55 11 32 85 36 76 84 37 26 17 30 39 61 35 54 62 78 23 49 58 87 72 50 44 47 46 56 3 43 29 9 25 80 70 67 12 19 77 45 21 34 14 7 86 48 65 33 52 75 60 18 89 57 59 88 15 51 5 63 41 38 83 66 2 27 64 79 10 81 13 74 42 82 4 6 40 69 31 20 8 73 90 
LP_Opt:4
Rounding: 6
SLF Integral: 4

1 61 24 6 68 12 19 9 53 25 74 47 2 41 72 31 75 81 54 8 22 73 3 10 13 70 18 20 28 38 82 44 63 11 26 4 65 36 45 23 43 83 87 7 76 80 69 32 59 62 50 14 64 86 15 60 42 29 46 66 84 27 49 79 40 35 85 89 39 56 30 78 88 51 48 55 5 16 57 52 58 67 21 34 17 37 77 71 33 90 
LP_Opt:4
Rounding: 5
SLF Integral: 4

1 60 64 4 81 29 49 72 77 57 22 21 51 73 52 46 25 67 45 19 12 38 76 79 6 35 16 63 7 69 11 15 36 71 44 58 26 89 27 20 37 24 43 33 28 34 65 80 61 78 10 59 30 9 8 13 3 82 55 88 54 5 41 56 87 68 85 50 17 83 70 66 48 2 42 31 40 75 74 23 14 53 86 62 18 47 39 32 84 90 
LP_Opt:4
Rounding: 6
SLF Integral: 4

1 85 67 75 10 57 60 4 36 34 48 35 33 62 22 56 19 43 49 3 24 37 89 64 39 38 17 52 8 71 63 29 69 54 53 74 50 87 20 51 7 55 76 80 11 25 84 47 46 59 15 44 27 13 32 82 78 31 26 73 88 45 28 40 70 2 9 58 18 83 65 16 41 30 23 5 21 66 79 72 86 42 14 68 12 61 81 6 77 90 
LP_Opt:4
Rounding: 6
SLF Integral: 4

1 38 70 29 47 74 8 2 82 64 28 86 52 80 84 40 73 69 33 56 14 19 17 5 75 32 9 50 77 54 36 51 67 60 31 57 76 55 61 45 68 43 81 11 46 42 63 66 21 41 85 39 49 25 35 37 10 6 23 44 48 78 13 89 34 26 7 71 62 22 16 12 20 72 59 15 83 79 58 53 4 3 24 18 27 87 30 65 88 90 
LP_Opt:4
Rounding: 6
SLF Integral: 4

1 68 85 59 71 67 74 38 45 79 44 15 34 16 61 4 72 46 18 32 23 76 20 26 73 6 82 48 27 80 49 84 75 21 60 43 2 41 64 37 78 86 25 35 58 62 81 13 42 17 57 22 70 65 55 83 12 31 14 87 5 9 47 77 88 29 39 30 7 51 8 28 89 40 50 63 69 24 53 3 11 33 52 56 66 54 19 10 36 90 
LP_Opt:4
Rounding: 5
SLF Integral: 4

1 72 39 12 7 71 64 38 43 55 2 19 50 77 85 28 8 32 13 54 61 86 69 9 60 35 29 49 51 23 48 6 20 87 16 27 67 62 24 58 10 78 52 46 14 3 53 37 5 65 31 76 18 30 63 84 59 75 34 80 22 73 68 74 4 79 81 66 33 83 40 88 42 70 45 56 17 36 44 47 82 26 15 25 57 41 89 21 11 90 
LP_Opt:4
Rounding: 5
SLF Integral: 4

1 3 52 40 46 89 67 61 65 87 80 70 11 54 43 39 21 68 31 74 72 30 75 2 6 60 41 12 17 23 29 59 22 86 88 76 58 33 82 81 49 5 4 44 56 85 8 48 18 77 20 34 79 47 55 15 28 37 57 13 7 63 16 50 69 84 24 62 42 73 27 14 38 26 78 51 36 66 9 32 10 71 53 45 83 19 64 35 25 90 
LP_Opt:4
Rounding: 5
SLF Integral: 4

1 43 78 31 40 57 37 62 49 59 2 33 48 61 79 84 24 80 17 23 82 45 56 10 13 85 74 6 75 65 46 32 38 52 89 87 66 18 41 55 8 54 70 73 83 47 26 88 86 16 50 28 21 4 22 30 29 27 39 51 69 53 35 42 3 11 72 12 20 25 76 58 15 9 67 19 81 60 64 68 63 14 5 7 71 34 36 44 77 90 
LP_Opt:4
Rounding: 5
SLF Integral: 4

1 4 63 89 50 16 60 84 20 48 43 79 66 29 15 22 69 76 39 45 61 56 59 82 85 5 62 32 40 33 75 3 68 55 52 80 38 21 88 17 2 77 65 81 25 41 23 6 18 12 58 8 34 57 73 26 67 27 51 10 47 64 36 86 31 7 70 54 30 44 49 87 72 35 42 74 24 83 53 71 46 11 28 9 37 78 14 19 13 90 
LP_Opt:4
Rounding: 6
SLF Integral: 4

1 31 79 20 85 64 73 43 37 82 8 27 51 65 84 66 77 88 30 21 40 62 46 61 41 48 39 23 42 2 7 75 17 83 34 50 81 78 54 12 33 24 57 4 35 18 80 70 47 87 56 16 58 67 19 5 11 89 26 72 9 22 6 71 68 13 45 15 38 25 63 86 49 28 55 60 32 74 36 29 53 52 76 59 3 14 10 44 69 90 
LP_Opt:4
Rounding: 5
SLF Integral: 4

1 80 14 11 86 15 82 44 31 58 50 21 70 24 48 73 60 77 5 83 47 4 22 65 19 76 25 56 53 42 89 29 52 10 32 23 71 61 6 63 13 74 57 85 78 9 66 45 26 49 36 35 39 18 84 54 30 81 79 16 8 37 75 68 20 41 27 7 33 2 43 51 12 28 40 87 62 17 34 55 46 67 69 88 3 38 72 64 59 90 
LP_Opt:4
Rounding: 5
SLF Integral: 4

1 68 77 55 18 56 49 46 34 79 87 45 39 75 78 44 27 17 31 60 43 5 42 88 25 67 3 2 15 20 8 4 74 59 62 57 82 72 7 83 13 41 89 22 47 21 65 40 54 73 36 24 16 35 53 12 70 76 11 84 51 37 6 85 80 50 48 30 86 26 81 66 33 28 61 58 14 38 52 9 23 29 64 19 10 69 71 63 32 90 
LP_Opt:4
Rounding: 6
SLF Integral: 4

1 9 17 44 55 64 68 8 41 23 13 16 81 76 6 37 15 45 60 3 67 70 58 34 88 22 59 20 19 5 57 74 12 30 51 83 14 35 18 80 66 85 47 87 29 28 75 89 53 49 25 54 78 42 36 24 86 11 7 69 63 84 39 48 56 50 61 71 32 72 52 26 79 62 43 2 33 82 38 4 46 40 77 21 65 73 31 27 10 90 
LP_Opt:4
Rounding: 5
SLF Integral: 4

1 27 30 50 9 53 69 6 23 84 58 64 67 15 36 5 52 2 49 51 25 45 35 8 65 34 46 61 21 33 31 41 37 54 10 80 72 75 20 13 47 73 12 66 7 22 71 70 79 63 11 18 78 88 42 77 40 76 83 59 87 38 48 85 68 29 16 28 4 14 62 81 17 24 19 56 39 44 55 3 32 43 82 26 89 57 74 86 60 90 
LP_Opt:4
Rounding: 4
SLF Integral: 4

1 83 45 17 11 36 86 33 49 37 62 60 34 8 66 9 63 58 89 42 50 41 77 18 38 3 19 88 40 21 65 44 7 32 80 70 72 56 82 14 5 75 54 68 64 51 29 73 87 6 27 69 79 39 59 26 16 84 35 71 22 78 24 28 12 25 10 30 15 85 53 2 74 76 57 48 4 43 13 67 52 47 20 61 55 81 31 46 23 90 
LP_Opt:5
Rounding: 5
SLF Integral: 5

1 51 67 3 26 86 49 11 57 43 16 30 87 58 48 74 15 47 84 88 69 75 64 28 6 33 32 52 10 60 79 29 44 12 78 81 55 34 5 20 72 63 38 62 85 42 68 8 61 31 24 76 37 77 35 19 82 4 18 46 41 39 36 53 70 13 21 66 40 54 23 50 71 27 7 45 80 2 17 89 22 9 59 73 56 14 83 25 65 90 
LP_Opt:4
Rounding: 4
SLF Integral: 4

1 83 19 13 67 63 55 11 8 24 35 28 80 36 25 46 20 89 72 15 47 31 77 54 32 40 9 52 87 33 3 16 86 23 21 18 42 56 70 84 27 37 22 44 65 5 51 85 39 71 81 10 78 73 50 58 60 76 48 26 4 38 29 61 17 74 43 88 59 30 64 66 45 34 69 62 49 12 14 7 2 82 6 79 75 68 57 53 41 90 
LP_Opt:4
Rounding: 6
SLF Integral: 4

1 66 7 82 32 29 76 37 3 31 27 46 75 44 12 55 69 15 36 78 42 22 88 28 81 30 48 6 61 9 59 84 41 60 35 56 38 58 5 70 34 65 47 52 63 87 77 79 33 11 64 23 20 39 54 72 51 53 73 45 4 40 57 67 24 10 26 17 71 25 21 62 83 16 13 2 74 18 86 50 14 89 80 49 8 19 68 85 43 90 
LP_Opt:4
Rounding: 5
SLF Integral: 4

1 61 78 74 83 14 30 54 17 75 24 12 70 50 11 13 45 20 86 80 77 48 65 26 40 3 23 25 36 58 57 69 47 56 41 10 52 71 62 5 4 22 18 34 7 9 55 68 60 16 19 63 88 64 85 81 67 39 31 84 44 38 59 66 72 79 76 73 42 29 21 43 27 89 33 82 51 46 6 53 8 32 37 49 35 15 28 2 87 90 
LP_Opt:4
Rounding: 5
SLF Integral: 4

1 47 23 31 65 16 64 72 69 45 20 25 57 56 46 4 49 67 80 15 76 22 3 36 42 34 19 84 41 30 53 37 7 12 33 83 86 26 55 29 61 21 13 87 32 66 44 54 58 68 51 50 85 71 10 9 39 2 18 88 17 27 6 24 14 35 40 52 74 77 81 59 70 82 73 28 78 11 38 48 8 62 79 60 43 89 75 63 5 90 
LP_Opt:4
Rounding: 5
SLF Integral: 4

1 50 67 79 9 87 56 41 61 19 57 80 77 38 49 86 89 51 39 43 17 4 14 70 27 6 66 45 34 29 76 37 53 12 88 30 52 46 64 85 10 62 69 36 47 58 63 18 54 42 33 48 72 22 3 75 40 82 59 81 5 78 60 2 55 8 68 24 28 16 84 15 13 65 32 83 73 11 71 21 20 26 35 23 25 44 7 31 74 90 
LP_Opt:4
Rounding: 5
SLF Integral: 4

1 55 70 79 40 61 28 30 51 3 50 59 45 74 44 43 72 88 24 11 42 49 31 7 23 8 65 52 25 57 54 80 89 67 85 27 86 68 21 84 33 39 69 73 47 6 76 82 12 35 83 64 38 5 46 4 20 22 32 18 2 29 66 75 26 19 63 10 71 81 77 37 16 41 15 62 56 34 78 48 9 14 58 87 53 17 13 36 60 90 
LP_Opt:4
Rounding: 7
SLF Integral: 4

1 63 29 28 78 64 21 82 31 40 57 60 55 59 71 75 89 18 47 88 56 53 26 37 69 50 14 17 68 3 48 8 54 58 73 77 84 13 36 45 51 33 20 52 6 72 2 42 22 15 27 61 7 65 19 23 30 38 46 62 76 49 35 79 74 87 70 10 83 39 25 86 24 4 80 16 44 66 12 32 5 11 41 81 43 85 9 34 67 90 
LP_Opt:4
Rounding: 5
SLF Integral: 4

1 18 66 47 15 36 72 33 8 52 74 70 63 48 38 86 32 23 13 68 20 51 55 34 62 67 11 10 56 50 3 64 41 54 9 21 58 25 53 71 81 27 39 22 69 7 28 85 5 40 89 87 16 45 76 12 30 46 37 59 43 84 31 42 79 61 17 49 57 26 2 4 14 80 60 19 83 35 65 29 82 78 75 77 24 44 73 88 6 90 
LP_Opt:5
Rounding: 6
SLF Integral: 5

1 67 84 16 27 18 55 75 89 31 86 71 3 50 47 87 45 2 39 19 42 8 73 81 85 72 43 13 7 44 60 53 63 34 26 61 51 49 38 48 25 21 77 56 14 28 12 33 6 22 9 83 11 70 20 57 17 82 37 59 74 66 35 15 29 10 30 52 4 58 78 80 54 62 68 23 79 65 36 46 24 69 5 41 40 32 64 76 88 90 
LP_Opt:4
Rounding: 6
SLF Integral: 4

1 43 63 6 80 86 81 26 29 16 53 71 35 85 9 55 19 44 58 2 73 50 3 41 76 24 10 67 78 5 7 45 57 72 25 52 68 65 62 14 66 88 59 8 74 23 17 61 13 39 30 70 34 15 54 79 46 48 18 4 56 11 60 84 32 89 21 51 83 64 12 37 22 42 47 28 77 33 27 82 75 69 36 40 87 20 31 49 38 90 
LP_Opt:4
Rounding: 6
SLF Integral: 4

1 57 63 78 18 67 38 62 15 10 59 41 77 9 39 26 61 30 29 56 83 68 23 55 87 82 31 54 47 27 69 89 73 20 64 40 49 21 12 32 70 44 43 11 6 17 52 5 7 19 65 79 88 81 25 8 13 4 37 53 75 72 35 16 14 58 80 71 48 51 24 84 3 85 76 86 50 34 60 42 36 46 2 22 45 28 74 33 66 90 
LP_Opt:4
Rounding: 7
SLF Integral: 4

1 49 33 61 48 88 70 8 55 87 20 3 80 71 50 84 34 64 26 74 67 6 16 44 89 46 17 69 14 60 76 57 85 25 12 59 29 73 82 23 65 83 66 22 77 47 4 31 9 35 68 37 54 62 13 18 81 2 42 11 39 27 63 28 36 79 72 19 58 78 75 56 41 15 45 38 40 43 53 52 7 10 24 21 5 51 32 86 30 90 
LP_Opt:5
Rounding: 5
SLF Integral: 5

1 75 39 37 65 79 4 86 3 52 30 6 78 72 11 49 84 50 85 28 34 14 27 64 43 63 18 5 19 68 47 12 20 15 9 58 31 60 62 83 56 17 21 54 36 45 76 40 16 67 33 32 48 26 51 80 70 87 74 82 41 61 88 81 8 71 66 55 73 23 13 29 46 25 57 24 35 69 89 2 44 77 59 10 53 42 38 7 22 90 
LP_Opt:4
Rounding: 5
SLF Integral: 4

1 36 2 13 47 21 78 40 72 52 30 89 66 51 20 32 29 11 44 73 26 65 8 37 42 9 31 63 86 57 59 38 82 69 67 75 84 16 48 80 10 5 3 43 6 15 33 35 83 88 62 81 12 4 18 49 39 34 85 76 28 22 45 24 56 79 46 60 17 41 50 54 25 53 14 74 61 64 27 23 77 71 87 55 68 7 58 19 70 90 
LP_Opt:4
Rounding: 5
SLF Integral: 4

1 64 23 61 9 27 57 13 16 74 77 42 15 62 21 53 29 20 33 55 38 69 14 43 17 47 73 60 75 12 39 11 36 66 49 26 40 34 52 71 30 37 18 7 84 54 82 10 35 70 28 8 44 87 48 25 68 56 83 63 67 2 78 81 89 80 59 51 6 85 76 88 45 79 4 19 24 46 22 72 31 58 3 32 65 86 41 5 50 90 
LP_Opt:4
Rounding: 5
SLF Integral: 4

1 48 27 6 14 70 10 69 7 33 53 19 64 2 36 35 66 47 45 9 29 74 85 51 82 60 12 23 49 57 44 28 50 41 59 25 65 5 42 81 21 17 88 67 58 43 38 15 78 22 89 83 24 37 62 39 55 30 52 76 79 18 80 4 32 87 61 73 3 84 86 56 77 71 26 34 20 16 11 75 31 40 13 54 68 72 63 46 8 90 
LP_Opt:4
Rounding: 5
SLF Integral: 5

1 27 60 72 2 74 68 65 47 58 73 7 88 29 6 17 43 49 46 59 23 64 75 28 24 51 19 45 8 32 83 26 52 87 62 44 37 30 5 40 69 67 70 42 81 80 36 11 48 84 89 9 33 20 55 21 82 25 86 3 34 15 38 56 10 66 85 13 22 18 39 61 50 57 71 78 76 63 53 35 31 4 77 14 54 79 16 41 12 90 
LP_Opt:4
Rounding: 4
SLF Integral: 4

1 78 37 76 65 30 57 22 17 75 46 44 29 3 5 21 48 77 33 71 20 64 89 73 25 16 31 7 82 63 51 19 35 45 39 43 13 83 11 10 40 74 14 59 58 4 56 79 26 67 32 8 42 15 34 24 84 60 66 68 49 86 23 69 55 12 81 87 47 80 88 62 27 54 50 53 2 9 41 61 70 38 72 52 36 28 18 85 6 90 
LP_Opt:4
Rounding: 5
SLF Integral: 4

1 21 62 51 22 44 3 64 50 18 14 55 82 30 39 89 61 68 47 75 79 16 24 27 36 69 8 20 77 80 13 23 29 72 84 25 33 54 74 86 60 66 46 88 87 67 43 9 83 58 76 56 32 34 42 49 57 59 11 70 10 85 38 4 41 73 28 7 52 71 15 37 2 78 45 5 40 12 6 48 26 53 81 31 19 35 17 63 65 90 
LP_Opt:5
Rounding: 7
SLF Integral: 5

1 35 78 73 20 69 34 26 31 51 76 55 40 24 74 25 59 23 43 37 17 87 28 58 47 79 10 4 29 72 11 70 60 16 15 53 84 65 19 61 56 38 86 33 36 57 54 52 88 62 39 68 89 64 32 67 42 49 81 50 5 75 41 77 3 14 9 30 82 27 7 71 45 18 85 63 83 46 22 2 80 6 13 48 21 44 12 66 8 90 
LP_Opt:4
Rounding: 5
SLF Integral: 4

1 51 86 71 84 11 10 15 53 14 69 54 78 21 57 80 9 88 35 72 44 28 79 55 34 73 17 68 43 47 5 20 22 31 19 23 29 50 45 27 61 12 46 38 40 7 25 77 52 59 87 75 3 41 13 16 89 81 67 36 63 74 56 58 6 30 70 8 48 32 60 65 39 49 18 85 26 62 42 33 76 4 66 24 82 37 64 2 83 90 
LP_Opt:4
Rounding: 6
SLF Integral: 4

1 56 52 65 47 87 60 57 59 22 61 25 72 88 8 76 12 73 30 45 21 28 81 31 50 38 85 43 2 82 79 69 13 46 9 19 77 68 24 74 32 34 78 33 7 20 84 23 4 27 42 71 37 58 26 49 67 15 6 53 89 55 44 83 11 86 62 40 39 80 66 29 63 10 70 48 75 5 18 16 64 3 35 41 51 14 54 17 36 90 
LP_Opt:4
Rounding: 4
SLF Integral: 4

1 26 30 58 57 41 54 62 36 3 23 75 39 21 11 89 4 85 25 7 74 82 68 44 34 79 76 37 88 28 78 19 67 13 46 64 10 5 87 27 6 40 42 55 48 14 32 69 35 53 60 52 47 63 17 50 66 8 61 86 2 71 16 43 84 24 59 65 51 81 20 29 33 80 56 45 72 49 70 31 15 77 83 73 18 12 9 22 38 90 
LP_Opt:4
Rounding: 5
SLF Integral: 4

1 74 35 17 51 31 49 22 34 8 58 5 60 82 55 80 67 85 57 19 24 75 63 48 30 89 72 28 20 65 44 15 6 50 41 38 11 53 16 88 37 4 39 27 46 70 45 7 79 66 42 18 86 71 77 69 47 87 84 32 78 43 64 59 21 12 26 56 23 83 62 2 33 68 54 29 73 14 61 13 25 3 40 81 36 76 9 52 10 90 
LP_Opt:4
Rounding: 6
SLF Integral: 5

1 7 86 79 51 75 22 31 29 13 71 36 87 19 2 80 67 45 59 37 81 77 55 41 3 12 42 64 58 9 4 65 43 61 72 35 56 54 82 53 66 24 6 33 10 89 63 5 27 69 50 32 73 88 49 30 85 8 11 18 70 16 84 20 52 17 25 60 40 68 34 44 23 47 46 57 39 74 38 14 83 62 78 76 26 21 15 48 28 90 
LP_Opt:4
Rounding: 7
SLF Integral: 4

1 15 40 64 35 51 37 4 80 12 46 60 48 14 36 11 69 56 21 45 59 58 84 44 72 39 33 41 30 9 87 61 16 10 55 18 22 65 23 76 2 78 8 42 86 77 25 31 6 27 89 82 75 20 26 24 52 32 66 54 50 88 3 63 5 13 57 17 34 74 83 81 7 71 53 73 49 79 19 68 38 62 70 67 47 28 85 29 43 90 
LP_Opt:5
Rounding: 5
SLF Integral: 5

1 62 27 22 54 81 10 63 45 35 40 83 71 73 48 15 47 80 8 23 11 17 77 7 51 84 31 30 6 5 16 82 85 18 52 13 21 25 72 78 76 36 33 61 12 19 46 20 74 4 41 68 87 28 24 44 14 9 70 39 58 64 55 89 32 34 57 66 56 86 65 38 29 53 69 67 37 43 50 49 42 59 75 2 79 26 60 3 88 90 
LP_Opt:4
Rounding: 5
SLF Integral: 4

1 16 4 62 51 66 69 3 6 72 30 49 10 26 24 8 75 43 57 46 38 68 48 21 40 25 18 31 50 71 56 52 79 85 27 55 60 28 39 17 47 13 83 81 41 63 89 53 59 87 42 73 14 61 32 84 86 70 5 67 44 77 29 15 65 74 11 82 35 23 12 9 88 80 19 45 37 22 34 7 33 78 36 54 20 64 76 2 58 90 
LP_Opt:4
Rounding: 6
SLF Integral: 4

1 51 66 30 53 74 9 72 49 70 55 6 64 27 17 34 5 8 15 54 89 73 77 56 13 4 2 83 78 22 60 43 25 3 59 81 40 18 67 14 28 87 26 80 46 20 65 42 24 23 76 19 69 86 68 50 61 32 62 36 38 21 75 57 31 79 71 11 16 35 44 29 39 84 33 85 52 7 37 82 12 63 48 41 88 10 47 58 45 90 
LP_Opt:4
Rounding: 6
SLF Integral: 4

1 53 87 86 25 51 76 48 22 27 50 65 37 33 19 79 89 72 28 3 24 8 88 66 20 82 11 57 69 5 55 42 68 26 16 74 46 77 4 73 71 59 64 30 2 62 17 39 54 61 29 41 6 14 85 18 38 75 12 9 67 43 31 10 15 78 44 35 52 21 32 80 40 47 70 13 45 81 60 34 49 83 56 58 63 36 7 84 23 90 
LP_Opt:4
Rounding: 4
SLF Integral: 4

1 33 31 41 15 74 68 86 48 3 80 50 32 10 62 79 87 71 85 19 26 16 75 82 36 63 49 78 35 25 45 42 46 8 7 70 58 47 13 61 4 17 66 43 29 69 20 55 27 39 65 59 14 76 30 22 67 81 60 5 57 21 72 11 52 84 38 2 54 24 53 88 40 73 83 12 6 89 18 64 37 77 28 9 23 44 51 56 34 90 
LP_Opt:4
Rounding: 4
SLF Integral: 4

1 9 29 35 65 61 8 86 59 26 30 85 48 38 54 78 47 55 14 51 62 77 50 75 53 39 83 89 84 13 4 63 82 21 72 28 46 31 52 74 70 18 81 41 69 20 16 11 60 32 6 56 2 57 44 80 5 43 19 34 42 66 27 22 88 73 37 68 12 40 76 17 36 7 25 23 58 24 45 10 64 15 87 71 49 3 33 79 67 90 
LP_Opt:4
Rounding: 6
SLF Integral: 4

1 43 3 5 57 40 27 60 69 89 31 68 71 11 37 19 65 4 61 72 76 21 51 35 17 63 15 20 83 33 78 47 79 74 52 13 7 81 36 29 64 18 9 87 62 70 49 41 88 86 50 25 77 55 10 80 82 8 85 58 2 22 56 30 44 73 34 26 28 14 45 38 23 12 54 46 16 59 53 6 32 75 24 67 39 66 48 42 84 90 
LP_Opt:4
Rounding: 6
SLF Integral: 4

1 47 86 11 23 76 26 28 75 77 46 16 15 33 29 66 12 78 84 35 3 56 83 30 32 57 19 80 8 48 44 52 36 9 68 43 73 40 51 13 34 50 39 42 67 25 7 74 27 20 10 79 17 89 82 14 31 59 61 88 24 4 87 5 54 71 69 60 64 58 22 55 49 38 6 18 65 70 81 85 2 21 37 72 45 41 63 53 62 90 
LP_Opt:4
Rounding: 5
SLF Integral: 4

1 38 29 51 62 20 76 73 71 30 67 58 54 70 13 89 36 85 11 77 4 84 52 50 60 18 69 49 68 66 19 27 57 44 34 78 61 8 26 33 65 16 86 25 45 40 21 64 82 5 59 12 74 88 75 14 41 81 37 80 24 47 32 23 6 43 55 28 79 9 35 2 15 31 39 83 53 22 3 7 48 87 56 17 42 63 72 10 46 90 
LP_Opt:5
Rounding: 5
SLF Integral: 5

1 30 76 10 42 36 63 51 8 47 14 59 48 3 44 89 29 69 25 82 27 87 35 68 78 18 57 28 60 24 54 17 88 11 73 23 86 75 77 85 40 46 79 34 5 37 2 84 53 33 26 62 39 43 9 70 12 7 16 58 52 45 32 83 21 38 13 61 65 50 20 81 80 15 41 67 49 74 56 71 6 72 55 22 4 64 31 66 19 90 
LP_Opt:4
Rounding: 6
SLF Integral: 4

1 76 53 26 60 9 69 27 15 42 75 56 80 17 58 68 83 79 86 54 23 6 59 10 12 44 41 4 71 25 3 40 61 63 74 48 31 45 85 78 24 72 55 39 70 16 34 49 32 64 30 65 81 50 2 89 84 8 82 7 62 77 37 73 52 35 14 13 36 88 47 38 28 66 21 20 46 29 67 5 87 57 33 22 51 11 43 19 18 90 
LP_Opt:4
Rounding: 7
SLF Integral: 4

1 82 47 44 3 22 48 76 58 68 35 79 31 8 28 55 74 71 62 49 65 30 72 7 69 29 37 14 61 56 39 51 86 89 78 18 63 15 12 45 85 52 19 41 26 5 75 84 27 60 46 36 40 16 50 4 10 59 23 43 57 11 21 17 42 53 13 83 9 24 70 88 32 81 34 6 38 67 2 20 64 87 66 25 54 80 77 73 33 90 
LP_Opt:5
Rounding: 5
SLF Integral: 5

1 18 43 87 82 44 58 33 29 14 81 54 75 85 83 35 15 34 40 22 52 23 4 9 63 17 68 73 45 48 53 39 5 76 46 10 36 84 62 70 64 12 80 59 74 49 78 86 56 38 72 69 41 66 26 67 6 50 21 3 65 37 42 20 19 32 24 51 61 55 7 31 57 89 71 79 8 25 16 28 27 77 88 2 13 30 47 60 11 90 
LP_Opt:4
Rounding: 4
SLF Integral: 4

1 64 73 63 82 41 33 57 84 55 31 36 19 39 52 66 37 9 89 13 69 65 54 32 42 25 71 53 78 81 23 49 4 58 77 51 72 74 20 26 76 47 2 44 87 12 15 24 35 88 45 5 10 8 86 18 40 75 17 22 61 7 83 27 56 48 70 68 14 46 30 21 79 50 80 43 59 3 85 29 16 62 6 60 28 67 11 38 34 90 
LP_Opt:4
Rounding: 6
SLF Integral: 4

1 16 18 62 35 32 58 52 27 36 80 45 68 81 51 37 84 24 79 67 9 75 15 63 14 40 25 42 47 44 73 86 83 70 19 65 72 87 6 53 13 30 76 50 5 78 4 8 11 31 74 3 60 41 33 89 55 54 12 28 2 49 7 56 34 10 82 39 46 61 20 26 71 66 48 38 29 69 59 43 22 64 85 21 23 57 17 88 77 90 
LP_Opt:4
Rounding: 4
SLF Integral: 4

1 19 46 2 51 35 61 13 82 66 39 84 54 32 4 79 23 42 16 63 59 65 18 71 9 6 87 8 89 73 70 72 85 58 43 74 38 83 78 77 55 29 3 67 64 37 56 11 15 41 75 69 40 7 20 27 34 81 88 50 44 57 10 68 25 30 48 22 17 62 60 49 53 76 24 12 45 80 5 21 36 86 28 33 52 14 31 26 47 90 
LP_Opt:4
Rounding: 7
SLF Integral: 4

1 15 67 86 74 30 12 27 9 87 48 31 7 23 80 25 19 89 11 47 63 71 45 66 39 57 41 14 72 8 42 64 68 61 38 36 2 6 37 54 33 50 29 60 88 73 32 70 5 49 21 44 81 75 40 20 16 26 78 34 52 82 65 3 79 46 69 35 17 76 83 28 85 84 59 24 56 62 18 51 10 55 4 13 43 58 77 22 53 90 
LP_Opt:4
Rounding: 5
SLF Integral: 4

1 53 2 12 30 66 79 32 89 14 28 72 84 21 15 74 88 80 69 42 33 76 58 65 34 54 11 77 60 23 67 45 3 73 7 52 62 85 68 6 4 36 31 70 17 39 19 43 41 27 35 22 75 56 8 81 26 16 63 24 55 82 44 20 49 46 50 64 59 40 25 87 13 37 78 83 38 61 10 5 18 51 48 9 57 71 29 86 47 90 
LP_Opt:4
Rounding: 5
SLF Integral: 4

1 88 25 40 4 53 31 84 89 26 85 62 34 59 6 38 52 47 50 20 17 67 57 49 30 5 83 64 82 69 19 18 33 8 60 48 76 15 41 14 75 79 78 22 29 54 7 66 3 39 12 23 61 68 86 71 42 9 45 13 55 11 2 56 32 16 21 63 87 35 10 36 46 65 24 28 73 72 81 80 74 58 77 44 70 43 37 51 27 90 
LP_Opt:5
Rounding: 7
SLF Integral: 5

1 28 6 67 69 12 41 62 59 32 54 64 84 76 4 58 38 3 8 83 61 36 49 79 42 21 73 80 72 51 9 75 27 15 52 5 56 29 82 43 17 24 60 48 31 7 22 65 10 45 47 87 77 44 68 86 20 34 55 13 78 25 2 18 63 40 46 26 57 74 88 33 89 37 14 71 30 53 35 66 39 16 85 23 70 19 81 11 50 90 
LP_Opt:4
Rounding: 6
SLF Integral: 4

1 87 33 72 55 59 76 13 34 78 77 39 45 29 84 57 21 70 64 36 26 46 71 28 86 63 65 88 74 11 24 27 19 12 8 81 58 9 47 56 5 35 23 83 51 67 50 62 89 14 69 43 16 41 75 22 15 48 42 25 68 85 80 4 54 37 20 44 61 17 82 3 52 73 7 79 32 30 2 66 60 6 40 38 53 18 10 31 49 90 
LP_Opt:4
Rounding: 5
SLF Integral: 4

1 56 54 8 38 42 32 39 41 14 60 48 69 13 11 28 36 87 76 26 84 64 57 3 27 47 61 50 74 45 82 53 72 88 21 2 55 62 22 46 70 75 71 25 6 19 24 80 78 51 66 65 34 73 9 77 30 29 17 12 20 63 16 5 81 44 40 18 58 85 89 15 10 23 67 86 33 79 37 83 31 43 7 35 59 49 68 52 4 90 
LP_Opt:4
Rounding: 4
SLF Integral: 4

1 24 58 35 63 72 62 68 86 73 79 47 40 54 89 21 10 16 27 44 23 9 5 67 60 43 41 52 30 84 61 83 69 59 25 29 26 70 85 8 74 64 15 34 4 55 2 18 75 6 56 78 46 71 38 42 11 32 45 17 65 39 53 51 36 13 50 7 76 82 14 66 87 57 88 37 48 22 80 33 19 49 12 28 81 77 31 20 3 90 
LP_Opt:4
Rounding: 6
SLF Integral: 4

1 68 64 36 48 86 14 82 12 3 33 80 55 24 61 43 45 89 67 22 32 85 15 30 72 37 60 42 19 79 6 39 53 57 8 20 56 76 2 71 74 26 73 34 54 9 5 70 65 31 29 44 27 40 69 51 62 23 63 10 83 77 21 88 13 58 75 46 7 41 78 11 18 50 25 52 4 81 66 38 17 87 84 47 59 28 49 16 35 90 
LP_Opt:4
Rounding: 5
SLF Integral: 4

1 77 85 29 41 19 64 50 39 63 67 66 48 36 26 79 16 25 55 23 40 11 38 45 3 62 8 70 84 17 73 72 47 35 42 18 74 51 78 43 82 65 34 59 7 88 56 21 44 31 5 10 68 58 57 4 28 37 81 32 71 22 75 9 30 86 46 76 52 6 2 33 24 87 12 27 89 20 49 53 13 80 69 61 54 60 83 15 14 90 
LP_Opt:4
Rounding: 6
SLF Integral: 4

1 13 79 74 27 72 12 46 19 65 39 66 7 29 35 41 50 18 67 16 86 62 23 51 42 75 30 88 81 26 85 48 82 64 38 20 61 33 36 59 2 69 5 25 57 17 87 43 84 11 37 34 73 4 6 28 89 24 15 52 31 56 9 68 71 22 32 60 70 8 45 40 49 78 21 3 76 47 14 83 54 80 77 53 55 10 63 44 58 90 
LP_Opt:4
Rounding: 6
SLF Integral: 4

1 20 76 4 10 87 54 81 63 27 61 11 71 13 45 30 82 14 41 46 50 70 62 25 16 89 19 53 22 8 65 34 85 52 83 80 24 77 21 78 17 49 39 68 31 86 15 5 26 58 55 29 32 7 44 35 47 43 79 60 3 23 33 38 28 64 18 72 48 75 67 69 84 51 66 36 88 9 37 74 40 2 56 59 42 73 6 57 12 90 
LP_Opt:4
Rounding: 4
SLF Integral: 4

1 68 74 9 18 14 27 63 77 5 57 16 46 28 75 50 20 61 34 17 58 83 81 78 31 62 44 12 49 43 86 23 72 4 55 69 33 48 85 22 79 41 6 11 54 19 2 15 84 25 7 82 67 29 87 66 37 64 70 35 21 26 80 42 76 53 13 89 36 38 30 65 10 56 52 45 3 24 39 60 59 71 47 51 8 32 73 40 88 90 
LP_Opt:4
Rounding: 5
SLF Integral: 4

1 68 61 46 76 55 74 54 83 57 14 79 71 87 3 82 43 42 89 40 66 15 6 30 60 62 52 38 75 45 77 24 41 8 33 18 56 73 88 53 86 35 17 11 67 65 7 84 19 59 78 28 49 13 51 34 37 20 22 80 69 26 10 44 72 9 31 23 4 16 70 48 50 12 21 25 29 85 36 63 81 58 32 5 2 47 64 27 39 90 
LP_Opt:4
Rounding: 4
SLF Integral: 4

1 65 7 84 37 47 50 38 57 72 2 75 11 25 15 83 66 79 89 51 16 9 68 32 31 56 82 61 33 44 27 45 43 10 12 14 4 71 63 53 85 76 69 49 39 26 78 52 6 36 8 73 70 5 24 88 67 46 60 77 81 64 54 62 28 41 59 22 13 55 30 58 20 3 87 86 21 17 74 34 18 48 40 19 35 29 23 80 42 90 
LP_Opt:4
Rounding: 5
SLF Integral: 4

1 52 47 26 31 38 76 66 44 30 35 46 45 49 53 9 82 18 14 43 41 5 23 25 51 8 75 61 73 7 72 81 39 83 29 20 71 21 11 77 62 32 2 88 78 74 12 24 27 48 80 13 56 37 22 67 57 89 6 86 50 60 4 87 40 15 3 17 68 54 70 59 28 34 19 58 55 63 65 33 85 79 10 69 36 64 42 84 16 90 
LP_Opt:4
Rounding: 4
SLF Integral: 4

1 3 89 17 62 6 61 80 74 4 42 11 10 83 14 69 40 18 35 26 67 58 66 41 85 48 59 7 43 60 32 31 12 19 56 22 39 44 72 5 20 24 75 63 9 79 13 38 49 51 55 70 82 34 57 16 77 81 36 28 86 46 2 84 54 15 47 76 64 68 29 23 30 78 88 45 33 73 87 53 52 71 8 65 27 25 50 37 21 90 
LP_Opt:4
Rounding: 6
SLF Integral: 4

1 10 38 70 68 18 41 75 21 54 77 65 81 84 20 7 11 73 53 37 40 47 15 57 66 55 2 13 61 34 59 87 80 71 85 50 4 35 8 23 62 32 14 42 78 28 86 16 24 36 9 67 25 52 29 63 43 12 58 19 79 60 45 31 83 46 48 30 49 17 3 51 33 44 39 64 89 56 26 72 69 22 82 5 74 88 76 27 6 90 
LP_Opt:4
Rounding: 7
SLF Integral: 4

1 63 53 49 8 52 33 64 48 51 36 2 82 45 79 5 26 71 15 58 88 19 43 68 27 24 69 35 34 57 89 72 14 76 74 61 60 80 7 54 62 9 20 29 6 87 25 17 70 30 22 56 39 13 73 23 10 46 32 78 65 83 41 77 28 67 3 37 55 47 16 50 75 66 42 11 40 85 18 84 4 12 31 21 38 86 44 81 59 90 
LP_Opt:4
Rounding: 5
SLF Integral: 5

1 40 82 59 51 80 57 56 25 19 36 3 32 26 12 7 42 2 76 64 54 21 27 31 45 35 41 43 73 84 68 66 65 38 48 33 71 23 28 79 11 69 63 9 17 46 10 20 18 72 22 50 37 15 29 75 4 83 16 14 5 55 87 6 74 67 53 70 85 78 58 8 81 24 13 44 77 89 30 49 52 88 61 86 60 47 62 39 34 90 
LP_Opt:4
Rounding: 4
SLF Integral: 4

1 19 32 68 27 89 75 70 51 2 60 34 13 35 79 57 6 52 43 53 48 56 29 26 62 38 85 55 63 14 84 78 28 33 11 65 5 86 36 82 21 44 15 3 10 73 40 81 80 17 42 87 46 25 67 24 66 49 31 20 37 50 18 7 74 58 23 59 88 72 71 41 9 4 76 69 30 16 77 8 39 61 47 54 45 64 83 12 22 90 
LP_Opt:4
Rounding: 9
SLF Integral: 4

1 9 70 79 47 62 89 7 56 35 60 87 41 30 24 67 33 68 37 80 6 83 23 14 86 66 13 49 19 84 43 3 27 73 39 4 15 26 11 48 78 40 51 75 52 2 32 17 31 65 74 88 34 64 28 59 63 53 18 77 5 76 81 12 50 8 20 16 55 61 45 82 72 36 25 10 38 21 46 71 44 42 57 54 29 85 69 22 58 90 
LP_Opt:4
Rounding: 4
SLF Integral: 4

1 80 70 38 77 54 37 28 59 13 5 85 75 66 55 14 42 36 20 40 71 43 3 53 82 22 58 16 29 64 57 51 10 15 50 9 74 69 33 84 48 56 17 26 31 68 65 81 60 19 73 27 45 41 32 88 86 63 89 30 46 62 34 11 25 49 47 35 78 18 67 21 44 52 39 72 6 24 23 79 76 7 61 12 2 87 4 8 83 90 
LP_Opt:4
Rounding: 4
SLF Integral: 4

1 32 76 78 62 59 81 56 5 34 43 29 50 71 52 61 87 2 36 44 82 47 10 72 13 57 49 54 46 19 63 25 24 75 8 14 64 16 70 21 37 26 35 79 60 84 68 86 51 73 88 31 38 9 11 33 28 4 7 12 80 65 69 66 27 67 6 17 48 15 77 30 40 39 22 55 58 74 53 20 42 85 83 41 18 45 89 3 23 90 
LP_Opt:4
Rounding: 5
SLF Integral: 4

1 24 26 29 5 70 9 63 81 57 79 52 87 48 4 16 54 78 11 32 22 74 86 47 73 31 35 68 77 80 69 85 71 45 75 51 89 42 17 46 39 44 21 49 56 12 28 40 82 33 61 38 58 20 64 25 59 83 8 88 14 50 15 34 37 60 53 27 30 2 65 7 84 66 41 18 36 55 19 67 76 43 3 13 10 23 6 72 62 90 
LP_Opt:4
Rounding: 6
SLF Integral: 4

1 13 38 24 3 21 34 42 19 58 43 70 39 26 41 80 5 75 29 50 61 22 27 47 36 67 55 25 77 14 52 54 16 89 79 64 30 57 46 82 71 76 18 83 62 7 9 6 53 40 86 63 66 72 51 88 84 8 32 31 68 33 20 15 45 37 4 85 12 49 2 81 23 11 73 69 78 87 56 35 48 65 74 59 17 44 28 10 60 90 
LP_Opt:4
Rounding: 6
SLF Integral: 4

1 21 84 3 10 76 41 49 69 38 78 43 4 63 40 23 48 53 22 37 80 71 13 62 64 32 56 89 39 86 35 87 75 5 14 34 16 7 81 70 27 57 59 83 88 6 68 8 67 33 50 30 12 82 58 28 15 26 61 2 55 44 66 52 31 74 65 18 51 73 54 77 19 60 20 25 79 36 9 17 46 45 42 11 47 72 24 29 85 90 
LP_Opt:4
Rounding: 5
SLF Integral: 4

1 75 82 9 17 13 2 60 23 56 42 81 85 41 52 73 25 7 15 68 76 69 27 35 28 6 38 62 18 30 47 11 83 53 77 44 40 5 21 8 89 45 79 65 59 55 19 33 14 72 24 71 49 63 87 32 3 29 37 86 78 50 39 22 43 57 88 58 51 34 66 70 80 84 74 48 26 12 20 10 31 16 54 64 4 36 61 67 46 90 
LP_Opt:4
Rounding: 5
SLF Integral: 4

1 14 31 51 57 19 49 12 35 76 59 83 79 87 50 64 86 40 25 44 39 41 82 42 75 56 18 13 70 38 27 17 24 36 68 81 26 29 4 73 71 60 23 88 77 20 52 45 16 69 46 43 15 30 48 34 21 61 85 66 2 10 78 67 6 65 53 89 62 84 55 5 8 22 28 9 63 58 32 74 80 7 11 37 33 47 54 72 3 90 
LP_Opt:4
Rounding: 5
SLF Integral: 4

1 73 44 63 16 23 83 40 32 26 29 55 81 35 38 27 50 59 47 56 84 31 7 39 54 58 74 48 13 9 49 53 19 79 10 80 4 34 68 65 11 15 61 37 46 6 3 70 72 21 36 52 12 82 24 18 42 5 69 85 17 20 88 41 33 2 14 86 76 75 57 51 62 77 30 60 28 66 64 71 45 43 89 25 8 22 67 78 87 90 
LP_Opt:4
Rounding: 4
SLF Integral: 4

1 53 12 23 46 85 89 58 80 51 39 78 66 72 37 5 84 69 13 21 30 68 9 67 11 20 81 6 65 73 56 22 70 18 75 63 42 2 14 10 49 52 38 8 29 44 48 54 27 77 61 74 16 62 36 24 82 4 28 45 71 3 17 64 40 86 19 59 50 31 57 47 60 34 25 32 76 26 15 79 7 55 88 33 41 87 43 35 83 90 
LP_Opt:4
Rounding: 5
SLF Integral: 4

1 15 57 59 2 48 44 14 9 65 46 42 73 39 31 55 71 75 54 78 49 81 64 70 21 4 72 5 28 69 23 56 67 62 19 18 89 7 41 43 86 61 83 85 35 82 76 63 87 26 25 45 38 10 6 34 47 52 29 36 22 68 80 53 24 33 3 40 50 77 60 11 16 30 20 37 8 13 32 79 51 58 74 17 12 27 66 84 88 90 
LP_Opt:4
Rounding: 6
SLF Integral: 4

1 52 56 38 33 29 77 27 46 8 79 35 81 43 32 69 6 9 37 51 10 71 84 59 39 11 64 57 75 17 41 31 3 30 67 48 73 25 60 50 24 42 44 26 65 7 76 88 55 45 36 66 28 78 49 4 58 80 70 12 61 40 18 82 87 13 85 53 34 16 86 68 83 22 54 72 89 74 21 2 62 15 5 19 47 23 14 20 63 90 
LP_Opt:4
Rounding: 5
SLF Integral: 4

1 75 83 5 80 61 31 79 46 12 44 21 78 82 8 33 7 42 81 25 43 13 89 22 40 19 85 58 17 54 59 2 9 50 63 4 23 35 37 55 51 20 29 38 11 66 45 69 57 67 72 77 15 76 32 71 27 16 70 62 86 36 87 41 6 24 74 68 49 34 26 84 56 14 30 48 28 47 64 88 60 52 39 73 65 3 53 10 18 90 
LP_Opt:4
Rounding: 5
SLF Integral: 4

1 70 8 26 43 79 49 33 60 71 84 76 69 12 57 62 83 55 77 68 16 64 82 21 45 31 22 81 56 44 14 7 59 87 23 28 6 40 18 35 17 24 53 67 38 29 66 13 63 2 85 80 41 9 48 5 74 20 36 65 34 27 78 37 47 58 89 52 54 39 25 30 10 88 73 75 72 4 46 86 19 15 42 32 50 61 51 3 11 90 
LP_Opt:4
Rounding: 5
SLF Integral: 4

1 78 17 76 16 7 54 11 59 40 15 81 77 21 35 22 38 72 56 45 61 55 39 82 73 79 65 33 26 29 87 9 68 80 66 74 6 43 28 57 25 50 75 41 36 13 46 89 2 48 67 42 60 53 37 69 23 32 86 58 70 19 63 20 12 62 44 5 51 49 47 3 83 24 18 8 84 34 10 30 52 64 71 85 4 88 31 27 14 90 
LP_Opt:4
Rounding: 5
SLF Integral: 4

1 24 72 75 49 19 40 35 51 78 80 79 69 18 68 32 23 28 87 37 81 3 56 36 89 31 7 59 25 14 47 58 5 22 48 30 63 82 34 65 2 41 45 70 86 54 17 15 74 50 20 88 11 42 29 61 21 46 27 83 43 60 57 33 77 8 71 16 39 10 26 64 13 85 9 53 73 84 67 44 66 12 6 4 62 76 38 52 55 90 
LP_Opt:4
Rounding: 6
SLF Integral: 4

1 39 31 46 58 69 45 35 60 47 65 29 78 22 88 3 80 56 28 40 21 10 49 18 7 76 27 11 26 83 23 74 44 52 61 57 72 71 89 19 68 34 41 43 36 30 55 79 82 38 62 13 33 6 67 87 16 48 66 25 15 86 4 54 51 32 20 37 2 53 77 63 70 14 17 5 73 64 12 59 50 9 85 75 84 42 24 81 8 90 
LP_Opt:4
Rounding: 6
SLF Integral: 5

1 45 2 31 20 32 64 67 46 15 71 18 87 28 49 72 19 36 86 43 88 51 80 58 33 83 4 12 26 3 74 78 7 27 44 16 76 56 29 37 35 84 50 22 8 5 14 82 40 54 68 55 24 75 25 70 66 59 6 39 60 79 17 53 85 42 10 13 65 69 38 47 30 89 21 63 81 73 11 52 61 77 62 23 34 57 9 48 41 90 
LP_Opt:4
Rounding: 5
SLF Integral: 4

1 89 46 44 65 11 16 74 21 52 19 41 9 20 13 63 51 34 82 18 15 12 66 31 48 88 30 10 38 37 70 47 75 78 40 25 69 39 36 55 53 5 59 87 3 61 58 84 80 35 60 29 2 8 81 23 72 62 6 83 49 42 26 64 76 7 54 43 33 24 22 27 17 14 86 79 85 28 45 4 67 73 57 71 68 50 77 56 32 90 
LP_Opt:4
Rounding: 6
SLF Integral: 4

1 57 89 44 81 64 47 45 24 16 84 34 86 56 13 43 25 85 74 20 29 69 77 8 21 12 48 68 41 78 66 17 2 30 59 35 71 52 70 11 28 67 51 22 36 72 76 87 53 63 32 14 18 83 42 10 33 75 23 19 54 38 5 60 37 82 49 58 50 6 88 3 73 46 79 61 7 40 62 31 27 15 55 9 80 26 4 65 39 90 
LP_Opt:4
Rounding: 5
SLF Integral: 4

1 6 59 68 5 7 53 17 13 8 3 79 45 76 35 70 44 10 19 75 52 16 4 46 60 88 12 26 56 65 67 38 54 29 84 32 61 77 21 80 83 87 39 74 18 51 23 27 49 31 41 62 64 48 30 47 85 66 63 43 58 55 36 73 40 37 20 24 14 2 82 81 28 25 71 9 11 72 34 86 15 69 22 89 78 33 42 57 50 90 
LP_Opt:4
Rounding: 4
SLF Integral: 4

LP_opt: 4,4,4,4,4,4,4,4,4,4,4,4,4,4,4,5,4,4,4,4,4,4,4,4,5,4,4,4,5,4,4,4,4,4,4,5,4,4,4,4,4,4,5,4,4,4,4,4,4,4,4,5,4,4,5,4,4,4,4,4,4,5,4,4,4,4,4,4,4,4,4,4,4,4,4,4,4,4,4,4,4,4,4,4,4,4,4,4,4,4,4,4,4,4,4,4,4,4,4,4,
Rounding res: 6,5,6,6,6,5,5,5,5,6,5,5,6,5,4,5,4,6,5,5,5,5,7,5,6,6,6,7,5,5,5,5,5,4,5,7,5,6,4,5,6,7,5,5,6,6,4,4,6,6,5,5,6,7,5,4,6,4,7,5,5,7,6,5,4,6,5,6,6,4,5,4,5,4,6,7,5,4,9,4,4,5,6,6,5,5,5,4,5,6,5,5,5,5,6,6,5,6,5,4,
Opt:4,4,4,4,4,4,4,4,4,4,4,4,4,4,4,5,4,4,4,4,4,4,4,4,5,4,4,4,5,4,4,4,5,4,4,5,4,4,4,4,5,4,5,4,4,4,4,4,4,4,4,5,4,4,5,4,4,4,4,4,4,5,4,4,4,4,4,4,4,4,4,4,4,4,4,4,5,4,4,4,4,4,4,4,4,4,4,4,4,4,4,4,4,4,4,5,4,4,4,4,

Max diff:5
Max factor:2.25
Mean diff:1.2
Mean factor:1.2965000000000004
